#CharID	Name	Rank	Neigong	HP	SP	Critical	Dodge	Conter	Move	Defance	RoutineID	Voice
10000103	Thiên Vương	Địa	10028	99999	4800	6	6	6	3	600	10001	100001
10000204	Thiên Vương	Thiên	10028	99999	6800	12	12	30	3	800	10002	100002
10000205	Thiên Vương	Thiên	10028	99999	9800	12	12	30	3	900	10002	100002
10000206	Thiên Vương	Thiên	10094	99999	9800	12	12	50	3	900	10002	100002
10000207	Thiên Vương	Thiên	10097	99999	2400	5	5	15	2	350	10003	100002
10000208	Thiên Vương	Thiên	10094	99999	9800	12	12	30	3	900	10002	100002
10000303	Long Vương	Địa	10027	99999	3100	14	6	20	4	500	10006	100003
10000404	Long Vương	Thiên	10027	99999	5900	18	8	30	4	700	10007	100004
10000405	Long Vương	Thiên	10027	99999	9000	18	8	30	4	700	10007	100004
10000406	Long Vương	Thiên	10027	99999	9000	18	8	30	4	700	10007	100004
10000603	A Tu La	Địa	10029	99999	2600	30	4	12	3	300	10011	100006
10000604	A Tu La	Thiên	10029	99999	3000	30	4	12	3	300	10011	100006
10000605	A Tu La	Thiên	10029	99999	6800	30	4	12	3	500	10011	100006
10000606	A Tu La	Thiên	10029	99999	4800	30	4	12	3	500	10011	100006
10000703	Khẩn Na La	Địa	10034	99999	2400	6	9	2	3	300	10016	100007
10000704	Khẩn Na La	Địa	10034	99999	3600	6	15	15	3	300	10016	100007
10000803	Kiền Đạt Bà	Địa	10033	99999	2000	15	10	0	3	140	10021	100008
10000804	Kiền Đạt Bà	Địa	10033	99999	4200	15	15	0	3	140	10021	100008
10000903	Già Lâu La	Địa	10031	99999	3200	10	16	10	4	480	10026	100009
10000904	Già Lâu La	Địa	10031	99999	4500	10	16	30	4	600	10026	100009
10000905	Già Lâu La	Địa	10031	99999	3600	10	16	30	4	600	10026	100009
10001003	Ma Hô La Già	Địa	10032	99999	4000	10	10	12	3	400	10031	100010
10001004	Ma Hô La Già	Địa	10032	99999	8300	15	15	15	3	400	10031	100010
10001005	Ma Hô La Già	Địa	10032	99999	6300	15	15	15	3	400	10031	100010
10001103	Dạ Xoa	Địa	10030	99999	2000	20	26	2	4	200	10246	100011
10001104	Dạ Xoa	Địa	10030	99999	3000	24	30	2	4	200	10246	100011
10001105	Dạ Xoa	Địa	10030	99999	7800	24	30	2	4	200	10246	100011
10001106	Dạ Xoa	Địa	10030	99999	6000	24	30	2	4	200	10246	100011
10001107	Dạ Xoa	Địa	10030	99999	4800	24	30	2	4	200	10246	100011
10001203	Đông Phương Hi	Địa	10035	99999	4200	12	6	16	3	450	10041	100012
10001302	Đông Phương Hi	Huyền	10033	99999	2400	4	8	2	3	100	10636	100013
10001401	Đông Phương Vị Minh	Hoàng	0	99999	1280	7	7	7	3	200	0	100014
10001402	Đông Phương Vị Minh	Hoàng	10126	99999	9999	7	7	7	3	200	70000	100014
10001501	Cốc Nguyệt Hiên	Hoàng	10068	99999	1000	2	4	8	3	200	10129	100015
10001502	Cốc Nguyệt Hiên	Huyền	10068	99999	1500	4	6	12	3	400	10128	100015
10001503	Cốc Nguyệt Hiên	Địa	10068	99999	3000	6	8	16	3	600	10127	100015
10001504	Cốc Nguyệt Hiên	Địa	10068	99999	3000	6	8	25	3	600	10127	100015
10001505	Cốc Nguyệt Hiên	Địa	10068	99999	3000	6	8	25	3	600	10127	100015
10001601	Kinh Cức	Hoàng	10069	99999	800	16	10	2	3	150	10053	100016
10001602	Kinh Cức	Huyền	10069	99999	1100	20	12	2	3	300	10052	100016
10001603	Kinh Cức	Địa	10069	99999	2000	24	14	2	3	450	10051	100016
10001604	Kinh Cức	Địa	10069	99999	2500	24	14	2	3	450	10051	100016
10001704	Vô Hà Tử	Thiên	10047	99999	5000	20	20	20	3	600	10056	100017
10001705	Vô Hà Tử	Thiên	0	99999	5000	20	20	20	3	600	10056	100017
10001706	Vô Hà Tử	Thiên	10047	99999	8000	20	20	20	3	600	10724	
10001803	Huyền Minh Tử	Địa	10048	99999	3800	12	6	17	3	400	10061	100018
10001804	Huyền Minh Tử	Địa	10048	99999	3800	12	6	17	3	400	10061	100018
10001902	Lão Hồ	Huyền	10017	99999	2400	15	5	15	4	500	10066	100019
10002102	Vương Dung	Huyền	10008	99999	1800	8	8	4	3	100	10186	100021
10002103	Vương Dung	Huyền	10008	99999	2300	14	8	6	3	100	10186	100021
10002104	Vương Dung	Huyền	10008	99999	2800	18	8	6	3	100	10186	100021
10002201	Cổ Vân Trường	Hoàng	10051	99999	420	4	4	12	2	100	10086	100022
10002301	Lôi Chấn Thiên	Hoàng	10053	99999	380	6	0	0	2	200	10081	100023
10002401	Triệu Kinh Phong	Hoàng	10054	99999	300	4	12	6	3	50	10091	100024
10002501	Tái Phi Hồng	Hoàng	10052	99999	400	12	4	6	3	80	10096	100025
10002502	Tái A Tứ	Hoàng	10052	99999	1200	18	8	8	3	120	10097	100025
10002503	Tái A Tam	Hoàng	10052	99999	1800	24	16	10	3	240	10097	100025
10002504	Tái A Nhị	Hoàng	10052	99999	2300	30	32	12	3	360	10098	100025
10002504	Tái A Đại	Hoàng	10052	99999	2300	30	32	12	3	480	10099	100025
10002603	Túy Tiên	Địa	10072	99999	3000	4	8	12	3	300	10101	100026
10002703	Quất Tẩu	Địa	10072	99999	2800	10	4	0	3	200	10102	100027
10002803	Thần Y	Địa	10072	99999	1500	0	0	0	3	400	10103	100028
10002903	Tiên Âm	Địa	10072	99999	3000	10	8	0	3	100	10104	100029
10003003	Thư Sinh	Địa	10072	99999	2600	6	10	2	3	160	10105	100030
10003103	Đan Thanh	Địa	10072	99999	2300	8	4	8	3	240	10106	100031
10003303	Quái y thiếu nữ	Địa	10121	99999	1900	0	8	8	3	240	10107	100033
10003404	Kiếm Thánh	Thiên	10057	99999	4000	17	7	17	3	700	10109	100034
10003405	Kiếm Thánh	Thiên	10057	99999	9700	20	10	20	3	700	10109	100034
10003502	Thẩm Tương Vân	Huyền	10072	99999	1200	2	6	0	3	30	10110	100035
10003503	Thẩm Tương Vân	Huyền	10072	99999	2600	2	6	0	3	30	10110	100035
10003601	Cổ Thực	Hoàng	10025	99999	1200	2	2	10	2	150	10268	100036
10003602	Cổ Thực	Huyền	10025	99999	2000	2	2	12	2	240	10267	100036
10003603	Cổ Thực	Địa	10025	99999	3200	2	2	20	2	320	10266	100036
10003604	Cổ Thực	Địa	10025	99999	4500	6	4	30	2	360	10266	100036
10003701	Phương Vân Hoa	Hoàng	10024	99999	900	6	2	2	3	180	10273	100037
10003702	Phương Vân Hoa	Huyền	10024	99999	1500	8	3	3	3	260	10272	100037
10003703	Phương Vân Hoa	Địa	10024	99999	2200	10	4	4	3	340	10271	100037
10003704	Phương Vân Hoa	Địa	10024	99999	2700	18	10	10	3	500	10271	100037
10003803	Trác Nhân Thanh	Địa	10042	99999	4700	6	6	6	3	550	10276	100038
10003804	Trác Nhân Thanh	Địa	10042	99999	5000	15	10	20	3	550	10276	100038
10004002	Cổ Diệp	Huyền	10042	99999	1600	5	5	5	3	300	10281	100040
10004003	Cổ Diệp	Huyền	10042	99999	1600	5	5	5	3	300	10281	100040
10004004	Cổ Diệp	Huyền	10042	99999	4800	10	10	20	3	500	10281	100040
10004102	Võ Đang trưởng lão	Huyền	10042	99999	1800	4	5	5	3	200	10286	100041
10004201	Võ Đang đệ tử	Hoàng	0	99999	600	2	2	2	2	100	10291	100042
10004202	Võ Đang đệ tử	Hoàng	0	99999	1200	6	6	6	2	200	10291	100042
10004203	Truyền lời đệ tử	Huyền	10076	99999	1800	7	6	8	3	500	10292	100042
10004204	Võ Đang đệ tử	Huyền	10118	99999	1800	7	6	8	3	500	10292	100042
10004301	Hư Chân	Hoàng	10021	99999	1600	2	2	2	2	220	10218	100043
10004302	Hư Chân	Huyền	10021	99999	2400	3	3	3	2	260	10217	100043
10004303	Hư Chân	Địa	10021	99999	3100	4	4	4	3	350	10216	100043
10004304	Hư Chân	Thiên	10021	99999	4200	5	5	15	3	460	10216	100043
10004403	Vô Nhân phương trượng	Địa	10045	99999	5200	3	3	3	3	600	10296	100044
10004404	Vô Nhân phương trượng	Địa	10045	99999	9900	5	5	5	3	600	10296	100044
10004503	Vô Sắc	Địa	10046	99999	2800	2	2	2	3	400	10301	100045
10004504	Vô Sắc	Địa	10046	99999	4500	3	3	3	3	400	10301	100045
10004603	Vô Tuệ	Địa	10021	99999	2600	2	2	2	3	400	10306	100046
10004604	Vô Tuệ	Địa	10021	99999	4000	3	3	3	3	400	10306	100046
10004703	Vô Sân	Địa	10021	99999	2400	2	2	2	3	350	10311	100047
10004802	Vô Giới	Huyền	10021	99999	1400	6	2	3	3	300	10157	100048
10004803	Vô Giới	Huyền	10021	99999	3500	12	2	3	3	400	10157	100048
10004901	La Hán Đường đệ tửLa Hán Đường đệ tử	Hoàng	0	99999	1000	0	0	0	3	200	10316	100049
10005001	Giới Luật Viện đệ tử	Hoàng	0	99999	1000	0	0	0	3	200	10321	100049
10005102	Phật Đao đồng nhân	Huyền	10077	99999	1800	8	2	2	3	500	10326	100051
10005202	Bàn côn đồng nhân	Huyền	10078	99999	1800	2	2	8	3	800	10331	100052
10005302	Cương quyền đồng nhân	Huyền	10079	99999	1800	2	8	2	3	350	10336	100052
10005303	Pháp Hoa La Hán	Huyền	10077	99999	2000	8	2	2	0	500	10326	100052
10005304	Bát Nhã La Hán	Huyền	10078	99999	2000	2	2	8	0	500	10331	100052
10005305	Kim Cương La Hán	Huyền	10079	99999	2000	2	8	2	0	500	10336	100052
10005306	Hải Miên Bảo	Huyền	10079	99999	4000	50	8	2	3	500	10336	100052
10005402	Nhậm Thanh Tuyền	Huyền	10004	99999	1600	4	10	2	4	150	10341	100054
10005403	Nhậm Thanh Tuyền	Huyền	10004	99999	2600	12	25	2	4	300	10341	100054
10005502	Triệu Nhã Nhi	Huyền	10100	99999	1800	2	30	2	3	50	10344	100055
10005602	Kỷ Mân	Huyền	10001	99999	1800	12	4	10	3	150	10348	100056
10005603	Kỷ Mân	Địa	10001	99999	2600	18	6	15	3	300	10347	100056
10005701	Tần Hồng Thương	Hoàng	10007	99999	1000	6	2	0	3	100	10198	100057
10005702	Tần Hồng Thương	Huyền	10007	99999	1200	14	4	2	3	200	10197	100057
10005703	Tần Hồng Thương	Địa	10007	99999	2600	20	6	4	3	260	10196	100057
10005802	Lam Đình	Huyền	10002	99999	1800	4	5	6	3	110	10351	100058
10005803	Lam Đình	Địa	10002	99999	2200	8	12	6	3	220	10351	100058
10005901	Sử Yến	Hoàng	10003	99999	1400	2	25	2	3	40	10357	100059
10005902	Sử Yến	Huyền	10003	99999	2300	2	50	2	4	80	10356	100059
10006001	Tề Lệ	Hoàng	10005	99999	600	12	0	0	2	60	10362	100060
10006002	Tề Lệ	Huyền	10005	99999	1200	12	4	6	2	120	10361	100060
10006003	Tề Lệ	Địa	10005	99999	3000	12	6	8	2	360	10360	100060
10006102	Phong Xuy Tuyết	Huyền	10006	99999	2000	12	12	12	3	180	10367	100061
10006103	Phong Xuy Tuyết	Địa	10006	99999	3400	15	15	15	3	300	10366	100061
10006202	Phong Xuy Tuyết	Huyền	10006	99999	2000	12	12	12	3	180	10368	100062
10006203	Phong Xuy Tuyết	Huyền	10006	99999	3400	15	15	15	3	300	10368	100062
10006302	Thần bí sát thủ	Huyền	10006	99999	2000	12	12	12	3	180	10369	100063
10006303	Hoa	Địa	10006	99999	2000	15	15	15	3	300	10369	100063
10006503	Sử Cương	Huyền	10016	99999	1700	8	0	2	3	390	10371	100065
10006504	Sử Cương	Địa	10016	99999	2400	16	8	18	3	520	10371	100065
10006602	Sử Nghĩa	Huyền	10051	99999	1200	10	4	4	2	260	10376	100066
10006603	Sử Nghĩa	Địa	10051	99999	2500	25	6	6	2	360	10376	100066
10006702	Hoàng Quyên	Huyền	10002	99999	1320	24	10	10	3	100	10381	100067
10006703	Hoàng Quyên	Huyền	10002	99999	1800	24	14	10	3	200	10381	100067
10006802	Độc Long nữ giáo chúng	Hoàng	10002	99999	1200	10	10	0	2	150	10386	100068
10006902	Độc Long nam giáo chúng	Hoàng	10002	99999	1500	0	10	10	2	150	10387	100069
10007001	Phích Lịch bang chúng	Hoàng	0	99999	600	0	0	0	2	50	10392	100070
10007002	Phích Lịch bang chúng	Huyền	0	99999	1500	10	0	10	2	200	10391	100070
10007103	Tây Môn Huyền	Địa	10009	99999	2200	15	10	8	3	280	10161	100071
10007201	Tây Môn Phong	Hoàng	10009	99999	600	4	2	6	3	80	10120	100072
10007202	Tây Môn Phong	Huyền	10009	99999	1000	6	4	8	3	160	10119	100072
10007203	Tây Môn Phong	Địa	10009	99999	1800	15	6	10	3	240	10118	100072
10007301	Thiên Kiếm đệ tử	Hoàng	0	99999	500	0	0	0	2	20	10402	100073
10007302	Thiên Kiếm đệ tử	Huyền	10082	99999	1500	10	10	2	2	60	10401	100073
10007403	Giang Thiên Hùng	Địa	10036	99999	2800	8	4	5	3	360	10406	100074
10007404	Giang Thiên Hùng	Địa	10036	99999	4200	10	6	8	3	480	10406	100074
10007501	Giang Du	Hoàng	10013	99999	900	3	6	3	3	120	10213	100075
10007502	Giang Du	Huyền	10013	99999	1500	4	8	4	3	240	10212	100075
10007503	Giang Du	Địa	10013	99999	2500	5	10	5	3	360	10211	100075
10007703	Quan Trường Hồng	Hoàng	10037	99999	2800	2	2	12	3	400	10411	100077
10007802	Quan Vĩ	Hoàng	10037	99999	1000	6	2	8	2	200	10207	100078
10007803	Quan Vĩ	Huyền	10037	99999	1680	12	8	16	3	300	10206	100078
10007901	Trường Hồng tiêu cục đệ tử	Hoàng	0	99999	400	0	0	0	2	20	10417	100079
10007902	Trường Hồng tiêu cục đệ tử	Huyền	0	99999	600	0	0	0	2	60	10416	100079
10008003	Đường Phi	Địa	10018	99999	1800	12	25	0	4	210	10421	100080
10008101	Đường Quan Nam	Hoàng	10018	99999	600	6	15	0	3	70	10427	100081
10008102	Đường Quan Nam	Huyền	10018	99999	900	8	15	1	3	140	10426	100081
10008103	Đường Quan Nam	Địa	10018	99999	2300	10	20	2	4	210	10426	100081
10008202	Đường Trung Tuệ	Địa	10018	99999	1800	12	10	6	4	120	10431	100082
10008301	Đường Môn môn nhân	Hoàng	0	99999	300	4	10	0	3	0	10429	100083
10008302	Đường Môn môn nhân	Huyền	10085	99999	1000	4	20	0	3	50	10428	100083
10008403	Hạ Hầu Thành	Huyền	10010	99999	3400	10	5	25	2	270	10171	100084
10008501	Hạ Hầu Phi	Hoàng	10010	99999	600	6	2	12	2	90	10178	100085
10008502	Hạ Hầu Phi	Huyền	10010	99999	1800	8	3	16	2	180	10177	100085
10008503	Hạ Hầu Phi	Địa	10010	99999	2200	10	4	20	3	270	10176	100085
10008601	Tuyệt đao đệ tử	Hoàng	0	99999	800	10	0	10	2	40	10437	100086
10008602	Tuyệt đao đệ tử	Huyền	10083	99999	1500	10	0	10	2	80	10436	100086
10008803	Thương Hạc Minh	Địa	10014	99999	3400	6	3	30	2	420	10256	100088
10008902	Thương Trọng Nhân	Huyền	10014	99999	900	3	2	15	3	220	10252	100089
10008903	Thương Trọng Nhân	Địa	10014	99999	2600	5	3	24	3	330	10251	100089
10009001	Bát quái đệ tử	Hoàng	0	99999	400	0	0	0	2	50	10262	100090
10009002	Bát quái đệ tử	Huyền	10086	99999	1200	0	0	15	2	100	10261	100090
10009102	Dương Vân	Huyền	10012	99999	1200	4	12	6	3	200	10441	100091
10009103	Dương Vân	Huyền	10012	99999	3600	4	16	14	3	450	10441	100091
10009201	Phó Kiếm Hàn	Hoàng	10011	99999	1200	10	10	10	3	130	10193	100092
10009202	Phó Kiếm Hàn	Huyền	10011	99999	1800	12	12	12	3	260	10192	100092
10009203	Phó Kiếm Hàn	Địa	10011	99999	3200	18	18	18	3	390	10192	100092
10009204	Phó Kiếm Hàn	Địa	10011	99999	3800	24	24	24	3	470	10191	100092
10009205	Phó Kiếm Hàn	Địa	10011	99999	3200	18	18	18	3	390	10194	100092
10009303	Nhậm Hạo Nhiên	Địa	10026	99999	2400	16	4	4	3	260	10446	100093
10009401	Nhậm Kiếm Nam	Hoàng	10026	99999	600	6	4	4	3	70	10168	100094
10009402	Nhậm Kiếm Nam	Huyền	10026	99999	1200	8	8	6	3	140	10167	100094
10009403	Nhậm Kiếm Nam	Địa	10026	99999	2700	10	10	6	3	280	10166	100094
10009502	Chú kiếm đệ tử	Huyền	10087	99999	1400	2	2	2	2	500	10451	100095
10009601	Củng Quang Kiệt	Hoàng	10015	99999	900	4	2	3	3	100	10457	100096
10009602	Củng Quang Kiệt	Huyền	10015	99999	1800	8	4	6	3	250	10456	100096
10009603	Củng Quang Kiệt	Địa	10015	99999	2800	10	6	9	3	450	10456	100096
10009701	Bách Thảo môn nhân	Hoàng	0	99999	500	4	2	6	2	100	10462	100097
10009702	Bách Thảo môn nhân	Hoàng	0	99999	1200	4	2	6	2	250	10461	100097
10009801	Tiêu Dao	Hoàng	10044	99999	900	5	2	2	3	140	10203	100098
10009802	Tiêu Dao	Huyền	10044	99999	2000	7	2	4	3	280	10202	100098
10009803	Tiêu Dao	Địa	10044	99999	3000	9	2	6	3	420	10201	100098
10009903	Kha Hàng Long	Địa	10043	99999	4800	12	5	2	3	500	10466	100099
10009904	Kha Hàng Long	Địa	10043	99999	4800	12	5	2	3	500	10466	100099
10010002	Lý Hạo	Huyền	10044	99999	1400	8	4	16	3	360	10471	100100
10010003	Lý Hạo	Địa	10044	99999	2000	10	4	18	3	450	10471	100100
10010004	Lý Hạo	Địa	10080	99999	2000	10	12	18	3	450	10471	100100
10010103	Cái Bang trưởng lão	Địa	10044	99999	1800	4	2	4	3	300	10476	100101
10010104	Cái Bang trưởng lão	Địa	10080	99999	1800	4	10	4	3	300	10476	100101
36012201	Cái Bang trưởng lão	Địa	10080	99999	1800	4	10	4	3	300	10707	100101
10010201	Cái Bang bang chúng	Hoàng	0	99999	800	0	0	0	2	100	10482	100102
10010202	Cái Bang bang chúng	Huyền	10080	99999	1200	2	2	2	2	200	10481	100102
10010301	Cái Bang bang chúng	Hoàng	0	99999	800	0	0	0	2	100	10486	100103
10010302	Cái Bang bang chúng	Huyền	10080	99999	1200	4	2	4	2	200	10486	100103
10010403	Độc	Huyền	10002	99999	2300	4	6	2	3	200	10491	100104
10010404	Độc	Địa	10002	99999	2700	4	6	2	3	400	10491	100104
10010503	Lãng	Huyền	10004	99999	1900	6	15	4	3	100	10496	100105
10010504	Lãng	Địa	10004	99999	2300	6	15	4	3	300	10496	100105
10010603	Cuồng	Huyền	60007	99999	2600	15	5	8	3	400	10501	100106
10010604	Cuồng	Địa	60007	99999	2100	15	5	8	3	650	10501	100106
10010702	Tiêu Đại	Hoàng	10054	99999	1200	12	12	0	4	50	10142	100107
10010802	Tiêu Tiểu	Hoàng	10051	99999	1800	4	0	2	2	250	10147	100108
10010903	Hắc Vô Thường	Huyền	10049	99999	2000	9	4	4	3	120	10506	100109
10011003	Bạch Vô Thường	Huyền	10049	99999	2000	4	4	9	3	240	10511	100110
10011101	Hắc Phong tiểu tặc	Hoàng	0	99999	500	2	2	2	2	100	10137	100111
10011102	Hắc Phong ác tặc	Hoàng	0	99999	800	2	2	4	2	200	10137	100111
10011103	Hắc Phong đội trưởng	Hoàng	10074	99999	1000	4	4	6	3	350	10137	100111
10011201	Hác Hổ	Hoàng	10071	99999	400	4	2	8	2	50	10112	100112
10011202	Hác Hổ	Huyền	10071	99999	800	4	2	10	2	100	10112	100112
10011203	Hác Hổ	Huyền	10071	99999	1400	10	4	20	3	300	10112	100112
10011301	Ba Long	Hoàng	10071	99999	500	8	2	4	2	100	10117	100113
10011302	Ba Long	Huyền	10071	99999	1000	10	2	4	2	200	10117	100113
10011303	Ba Long	Huyền	10071	99999	1900	20	6	10	3	300	10117	100113
10011401	Thích tướng quân	Địa	10114	99999	4200	6	4	10	3	800	10680	100114
10011504	Trần công công	Thiên	10060	99999	4800	6	24	6	4	360	10516	100115
10011505	Trần công công	Thiên	10060	99999	6300	6	30	6	4	440	10516	100115
10011602	Đông Xưởng sát thủ	Huyền	10073	99999	1200	16	8	20	3	220	10521	100116
10011603	Đông Xưởng sát thủ	Huyền	10073	99999	1200	16	8	20	3	220	10521	100116
10011604	Đông Xưởng sát thủ	Huyền	10073	99999	1200	16	8	20	3	220	10521	100116
10011605	Đông Xưởng sát thủ	Huyền	10073	99999	1200	16	8	20	3	220	10521	100116
10011606	Đông Xưởng sát thủ	Huyền	10073	99999	1200	16	8	20	3	220	10521	100116
10011607	Đông Xưởng sát thủ	Huyền	10073	99999	1200	16	8	20	3	220	10521	100116
10011608	Đông Xưởng sát thủ	Huyền	10073	99999	1200	16	8	20	3	220	10521	100116
10011609	Đông Xưởng sát thủ	Huyền	10073	99999	1200	16	8	20	3	220	10521	100116
10011701	Quan binh	Hoàng	0	99999	800	0	0	0	2	0	10526	100117
10011803	Hà Vị Phong	Địa	10012	99999	3400	6	6	6	3	380	10531	100118
10011902	Dịch Lan	Huyền	10012	99999	1800	4	10	8	3	120	10536	100119
10011903	Dịch Lan	Huyền	10012	99999	2600	8	10	10	3	260	10536	100119
10012002	Hà Thu Quyên	Hoàng	10012	99999	1200	4	8	2	2	60	10221	100120
10012003	Hà Thu Quyên	Hoàng	10012	99999	1900	6	10	4	2	200	10221	100120
10012101	Thiên Sơn đệ tử	Hoàng	0	99999	350	0	0	0	2	20	10546	100121
10012102	Thiên Sơn đệ tử	Hoàng	10084	99999	1200	2	2	2	2	100	10546	100121
10012103	Thượng Tinh Trung	Địa	10115	99999	7000	50	15	50	4	600	10548	100121
10012203	Tử Dương Tử	Địa	10062	99999	2000	16	4	4	3	240	10551	100122
10012303	Thanh Hà Tử	Địa	10062	99999	2200	8	8	8	3	340	10556	100123
10012401	Thanh Thành đệ tử	Hoàng	0	99999	350	0	0	0	2	20	10561	100124
10012402	Thanh Thành đệ tử	Hoàng	0	99999	1200	4	4	4	2	140	10561	100124
10012403	Đạo truyện đệ tử	Huyền	10075	99999	2000	6	7	5	3	250	10621	100124
10012502	Tào Ngạc Hoa	Huyền	10124	99999	1200	4	4	4	3	100	10562	100125
10012601	Cật	Hoàng	10063	99999	800	6	0	6	1	240	10182	100126
10012602	Cật	Huyền	10063	99999	1800	8	0	8	1	360	10181	100126
10012603	Cật	Huyền	10063	99999	2400	16	0	16	2	480	10180	100126
10012604	Cật	Huyền	10063	99999	2400	16	0	16	2	480	10180	100126
10012701	Hát	Hoàng	10064	99999	700	24	0	24	2	180	10227	100127
10012702	Hát	Huyền	10064	99999	2000	12	12	12	2	260	10226	100127
10012703	Hát	Huyền	10064	99999	3000	16	16	16	3	340	10225	100127
10012704	Hát	Huyền	10064	99999	3000	16	16	16	3	340	10225	100127
10012801	Phiêu	Hoàng	10065	99999	700	9	4	6	3	100	10232	100128
10012802	Phiêu	Huyền	10065	99999	1200	18	4	8	3	150	10231	100128
10012803	Phiêu	Huyền	10065	99999	2200	27	4	10	4	200	10230	100128
10012804	Phiêu	Huyền	10065	99999	2200	27	4	10	4	200	10230	100128
10012901	Đổ	Hoàng	10066	99999	700	4	9	2	3	60	10237	100129
10012902	Đổ	Huyền	10066	99999	900	6	18	2	3	120	10236	100129
10012903	Đổ	Huyền	10066	99999	1900	8	27	2	4	240	10235	100129
10012904	Đổ	Huyền	10066	99999	2000	8	27	2	4	240	10235	100129
10013001	Thiên Long giáo chúng	Hoàng	0	99999	600	0	0	0	2	120	10241	100130
10013002	Thiên Long giáo chúng	Huyền	0	99999	900	2	2	2	3	240	10242	100130
10013003	Thiên Long giáo tinh anh	Huyền	10089	99999	1600	4	4	4	3	360	10243	100130
10013004	Thiên Long giáo tinh anh	Huyền	10089	99999	2200	8	8	8	3	480	10243	100130
10013005	Thiên Long giáo tinh anh	Thiên	0	99999	2200	8	8	8	3	380	10243	100130
10013006	Thiên Long giáo tinh anh	Thiên	0	99999	2200	8	8	8	3	380	10243	100130
10013007	Thiên Long giáo tinh anh	Thiên	0	99999	2200	8	8	8	3	380	10243	100130
10013008	Thiên Long giáo tinh anh	Thiên	0	99999	2200	8	8	8	3	380	10243	100130
10013009	Thiên Long đặc sát: Nghê Bát	Thiên	10089	99999	3000	20	20	20	3	700	10243	100130
10013010	Thiên Long đặc sát: Tiêu Bạch	Thiên	10089	99999	3000	10	30	10	3	400	10243	100130
10013011	Thiên Long đặc sát: Quái Đầu	Thiên	10089	99999	3000	30	5	5	3	1200	10243	100130
10013012	Thiên Long đặc sát: Tiếu Lang	Thiên	10089	99999	3000	10	10	30	3	660	10243	100130
10013013	Thiên Long giáo chúng	Địa	0	99999	1600	4	4	4	3	360	10244	100130
10013014	Thiên Long giáo chúng	Địa	0	99999	1400	4	8	6	3	280	10671	100130
10013301	Tu La môn nhân	Hoàng	0	99999	800	0	0	0	2	40	10576	100133
10013302	Tu La môn nhân	Hoàng	0	99999	1000	0	0	0	2	100	10576	100133
10013303	Tu La môn nhân	Hoàng	10081	99999	1000	0	0	0	2	100	10576	100133
10013304	Tu La môn nhân	Hoàng	10081	99999	1000	0	0	0	2	100	10576	100133
10013305	Tu La môn nhân	Hoàng	10091	99999	1000	0	0	0	0	100	10576	100133
10013306	Tu La môn nhân	Hoàng	10091	99999	1000	0	0	0	0	100	10576	100133
10013307	Tu La môn nhân	Hoàng	10092	99999	1000	0	0	0	0	100	10576	100133
10013308	Tu La môn nhân	Hoàng	10092	99999	1000	0	0	0	0	100	10576	100133
10013404	Từ Tử Dịch	Thiên	10028	99999	4000	8	8	8	3	400	10652	100134
10013504	Từ Tử Kỳ	Thiên	10027	99999	3000	20	10	20	4	300	10653	100135
10013602	Cừu Bá	Huyền	0	99999	600	8	2	2	3	100	10581	100136
10013603	Cừu Bá	Địa	0	99999	1600	8	4	6	3	100	10582	100136
10013903	Lợi Không Pháp Vương	Địa	10067	99999	4400	12	4	2	2	500	10586	100139
10013904	Lợi Không Pháp Vương	Địa	10067	99999	5000	12	4	6	2	500	10586	100139
10014001	Tây Vực phiên tăng	Huyền	0	99999	1000	2	2	2	3	100	10152	100140
10014103	Hùng Thiên Bá	Địa	10053	99999	2300	10	5	5	3	300	10591	100141
10014104	Hùng Thiên Bá	Địa	10053	99999	3000	20	5	5	3	300	10591	100141
10014201	Hải Sa bang chúng	Hoàng	0	99999	600	2	2	2	2	100	10601	100142
10014202	Hải Sa bang chúng	Hoàng	10088	99999	1000	4	4	4	2	100	10601	100142
10014203	Hoàng Mân	Hoàng	10088	99999	3000	40	8	25	2	400	10601	100142
10014304	Kim Sí Điểu	Thiên	10101	99999	4000	12	60	12	4	500	10606	100143
10014401	Đông Doanh Uy Khấu	Hoàng	0	99999	1300	10	6	8	3	30	10611	100144
10014503	Đông Doanh Lãng Nhân	Địa	10006	99999	2000	26	14	14	4	120	10616	100145
10014504	Bạt đao thiên nhân trảm	Địa	10006	99999	4000	26	14	14	4	220	10616	100145
10022401	Thiểm Bắc thập tam nhạn	Hoàng	0	99999	200	2	2	2	2	0	10132	100224
10022402	Đạo tặc	Hoàng	0	99999	400	4	4	4	2	0	10132	100224
10022403	Sa mạc hắc trộm	Hoàng	0	99999	1200	6	4	2	2	0	10132	100224
10022404	Thiểm Bắc thập tam nhạn	Hoàng	0	99999	1000	2	2	2	2	0	10137	100224
10024503	Tào Đại	Địa	10123	99999	3000	10	8	12	3	420	10563	100245
10024504	Tào Đại	Địa	10123	99999	3000	10	8	12	3	420	10563	100245
10024602	Hoa Sơn đệ tử	Địa	10076	99999	1800	4	2	4	2	400	10564	100246
10024603	Hoa Sơn đệ tử	Địa	0	99999	1800	4	2	4	2	400	10564	100246
10024604	Hoa Sơn đệ tử	Địa	10076	99999	1800	4	2	4	2	400	10564	100246
10024701	Thành Vương	Huyền	10119	99999	1000	0	0	0	2	60	10706	100247
10029701	Lục Thiếu Lâm	Hoàng	10022	99999	900	3	3	10	2	135	10632	100297
10029702	Lục Thiếu Lâm	Huyền	10022	99999	1800	8	4	12	3	270	10631	100297
10029703	Lục Thiếu Lâm	Huyền	10022	99999	2800	10	4	12	3	360	10631	100297
10029803	Vô Điên	Địa	10021	99999	2780	6	6	6	3	380	10625	100298
10029901	Yến Vũ	Hoàng	10062	99999	800	10	2	2	3	60	10623	100299
10029902	Yến Vũ	Huyền	10062	99999	1800	14	2	2	3	120	10622	100299
10029903	Yến Vũ	Địa	10062	99999	3200	16	4	4	3	240	10621	100299
10031003	Ma Hô La Già	Địa	10032	99999	2400	6	4	8	3	400	10031	100010
10031004	Ma Hô La Già	Địa	10032	99999	8000	15	15	15	3	400	10031	100010
10031005	Ma Hô La Già	Địa	10032	99999	6300	15	15	15	3	400	10031	100010
10031103	Huyền Minh Tử	Địa	10029	99999	1800	6	2	2	3	300	10062	100018
10031104	Huyền Minh Tử	Địa	10093	99999	9800	10	10	30	3	600	10063	100018
10031203	Công Tôn Kiên	Địa	10125	99999	2000	6	6	6	3	400	10640	100312
10031204	Công Tôn Kiên	Địa	10125	99999	4000	6	6	6	3	500	10640	100312
10041501	Thiên Long giáo chúng	Địa	0	99999	1600	4	4	4	3	360	10687	100130
10041903	Hoa Si	Địa	10072	99999	1800	4	4	4	3	140	10108	100419
10042201	Thiên Ý thành chủ	Địa	10096	99999	6000	12	6	16	3	480	10670	100422
10042202	Thiên Ý thành chủ	Thiên	10096	99999	8600	18	6	16	3	630	10670	100422
10098903	Nhậm giáo chủ	Địa	10028	99999	5000	20	15	15	3	600	10651	100989
10099004	Tả Minh Chủ	Địa	10028	99999	4000	25	10	25	3	350	10650	100990
10099102	Cầu bang chủ	Địa	10063	99999	2000	35	0	10	4	600	10649	100991
10099203	Hồng giáo chủ	Địa	10032	99999	3000	15	8	15	3	300	10648	100992
10099303	Đường chưởng môn	Địa	10014	99999	2400	14	5	25	3	250	10647	100993
10099403	Hà chưởng môn	Địa	10042	99999	2500	20	20	20	3	200	10646	100994
10099503	Nhạc chưởng môn	Địa	10036	99999	3500	25	25	8	4	300	10645	100995
10099603	Mộ Dung công tử	Địa	0	99999	3000	10	10	50	3	750	10644	100996
10099703	Tây Độc	Địa	0	99999	3600	20	10	15	3	500	10643	100997
10099803	Kim Luân quốc sư	Địa	10036	99999	5000	30	5	5	2	750	10642	100998
10099904	Tiểu Hà Mễ	Thiên	10036	99999	9999	50	50	50	4	1000	10641	100999
11001001	Thiên Sơn nữ đệ tử	Hoàng	0	99999	350	0	0	0	2	20	10547	110010
11001002	Thiên Sơn nữ đệ tử	Hoàng	10084	99999	1650	2	10	2	2	100	10547	110010
30012901	Kim Phong tiêu cục đệ tử	Hoàng	0	99999	400	0	0	0	2	20	10633	100079
30012902	Kim Phong tiêu cục đệ tử	Huyền	0	99999	600	0	0	0	2	60	10633	100079
36003201	Tiểu hầu tử	Hoàng	10131	99999	1500	12	20	10	4	200	10626	360032
36010401	Thượng Tinh Trung	Hoàng	10084	99999	1200	2	2	2	2	100	10546	100121
36010402	Thượng Tinh Trung	Địa	10115	99999	7000	50	15	50	4	600	10548	100121
36010601	Ninh Thải Hà	Hoàng	10084	99999	1650	2	10	2	2	100	10547	110010
36006804	Thiên Ý nhẫn giả	Hoàng	10090	99999	2000	12	12	12	3	300	10656	360068
36006805	Thiên Ý nhẫn giả	Hoàng	10099	99999	1200	8	6	4	3	200	10656	360068
36006806	Thiên Ý trung nhẫn	Huyền	10099	99999	1700	12	8	4	3	300	10663	360068
36006807	Thiên Ý thượng nhẫn	Địa	10099	99999	2300	14	12	6	4	400	10664	360068
36006808	Thiên Ý Ám Bộ	Thiên	10099	99999	3100	16	12	8	5	600	10664	360068
36006809	Thiên Ý nhẫn giả	Địa	10099	99999	1700	12	8	4	3	200	10656	360068
36006810	Thiên Ý nhẫn giả	Địa	10099	99999	1700	12	8	4	3	200	10656	360068
36006811	Thiên Ý nhẫn giả	Địa	10099	99999	1700	12	8	4	3	200	10656	360068
36006812	Thiên Ý nhẫn giả	Địa	10099	99999	1700	12	8	4	3	200	10656	360068
36006813	Thiên Ý nhẫn giả	Địa	10099	99999	1700	12	8	4	3	200	10656	360068
36006814	Thiên Ý nhẫn giả	Địa	10099	99999	1700	12	8	4	3	200	10656	360068
36006815	Thiên Ý nhẫn giả	Địa	10099	99999	1700	12	8	4	3	200	10656	360068
36006816	Thiên Ý nhẫn giả	Địa	10099	99999	1700	12	8	4	3	200	10656	360068
36006817	Thiên Ý nhẫn giả	Địa	10099	99999	1700	12	8	4	3	200	10656	360068
36006818	Thiên Ý nhẫn giả	Địa	10099	99999	1700	12	8	4	3	200	10656	360068
36006819	Thiên Ý nhẫn giả	Địa	10099	99999	1700	12	8	4	3	200	10656	360068
36006820	Thiên Ý nhẫn giả	Địa	10099	99999	1700	12	8	4	3	200	10656	360068
36006821	Thiên Ý nhẫn giả	Địa	10099	99999	1700	12	8	4	3	200	10656	360068
36006822	Thiên Ý nhẫn giả	Địa	10099	99999	1700	12	8	4	3	200	10656	360068
36006823	Thiên Ý nhẫn giả	Địa	10099	99999	1700	12	8	4	3	200	10656	360068
36006824	Thiên Ý nhẫn giả	Địa	10099	99999	1700	12	8	4	3	200	10656	360068
36006825	Thiên Ý nhẫn giả	Địa	10099	99999	1700	12	8	4	3	200	10656	360068
36006826	Thiên Ý nhẫn giả	Địa	10099	99999	1700	12	8	4	3	200	10656	360068
36006827	Thiên Ý Ám Bộ	Thiên	10099	99999	3100	16	12	8	5	600	10663	360068
36006901	Hổ báo nhẫn	Hoàng	10098	99999	1200	8	6	4	3	2000	10656	360068
36007701	Hồ tộc binh lính	Hoàng	0	99999	500	6	4	4	2	30	10657	360077
36007801	Hán tộc binh lính	Hoàng	0	99999	500	4	4	6	2	100	10658	360078
36008501	Địa bĩ	Hoàng	0	99999	500	2	2	4	2	30	10659	360085
36008601	Địa bĩ	Hoàng	0	99999	500	2	4	2	2	200	10660	360086
36008701	Địa bĩ	Hoàng	0	99999	500	4	2	2	2	30	10661	360087
36008801	Địa bĩ	Hoàng	0	99999	1500	2	2	4	3	30	10662	360088
36010801	Cướp phỉ	Hoàng	0	99999	200	0	0	0	2	0	10137	100111
36011001	Hoa Hồng sơn tặc	Hoàng	0	99999	1000	4	2	6	3	360	10137	100111
36011101	Hoa Hồng đầu mục	Hoàng	10074	99999	2000	8	8	12	3	600	10137	100111
36011201	Cẩm Y Vệ	Huyền	10110	99999	2000	8	6	8	3	380	10682	500006
36011202	Cẩm Y Vệ	Huyền	10110	99999	2000	8	6	8	3	380	10682	500006
36011203	Cẩm Y Vệ	Huyền	10110	99999	2000	8	6	8	3	380	10682	500006
36011301	Cẩm Y Vệ	Huyền	10110	99999	2000	6	4	12	3	460	10683	500006
36011302	Cẩm Y Vệ	Huyền	10110	99999	2000	6	4	12	3	460	10683	500006
36011303	Cẩm Y Vệ	Huyền	10110	99999	2000	6	4	12	3	460	10683	500006
36011304	Cẩm Y Vệ	Huyền	10110	99999	2000	6	4	12	3	460	10683	500006
36011305	Cẩm Y Vệ	Huyền	10110	99999	2000	6	4	12	3	460	10683	500006
36011306	Cẩm Y Vệ	Huyền	10110	99999	2000	6	4	12	3	460	10683	500006
50000003	Đinh Hoằng	Địa	10016	99999	1600	12	4	4	3	240	10522	500006
50000103	Chu Bái	Địa	10016	99999	1600	12	4	4	3	240	10522	500006
50000203	Vu Tiến	Địa	10016	99999	1400	4	4	12	3	360	10522	500006
50000303	Cẩm Y Vệ	Địa	0	99999	1400	4	4	12	3	360	10522	500006
50501601	Hoàng đế	Hoàng	10116	99999	3200	10	10	10	3	800	10686	990039
50501701	Hoàng đế	Hoàng	10116	99999	3200	10	10	10	3	800	10686	990039
50501801	Hoàng đế	Hoàng	10116	99999	3200	10	10	10	3	800	10686	990039
50501901	Hoàng đế	Hoàng	10116	99999	3200	10	10	10	3	800	10686	990039
50502001	Hoàng đế	Hoàng	10116	99999	3200	10	10	10	3	800	10686	990039
50502101	Tây Vực dũng sĩ	Hoàng	10120	99999	2300	8	4	10	3	530	10703	360087
50502201	Tây Vực dũng sĩ	Hoàng	10120	99999	2600	8	4	10	3	530	10704	360088
55100101	Thần hỏa binh	Huyền	10113	99999	1600	0	4	8	2	400	10681	990035
55100201	Thần hỏa binh	Huyền	10113	99999	1600	0	4	8	2	400	10681	990035
55100301	Thần hỏa binh	Huyền	10113	99999	1600	0	4	8	2	400	10681	990035
55100401	Thần hỏa binh	Huyền	10113	99999	1600	0	4	8	2	400	10681	990035
55100501	Thần hỏa binh	Huyền	10113	99999	1600	0	4	8	2	400	10681	990035
90010103	Trác Nhân Thanh	Địa	10042	99999	1700	6	6	6	3	550	10276	100038
90010203	Tây Môn Huyền	Địa	10009	99999	1000	8	6	8	3	180	10161	100071
90010303	Hạ Hầu Thành	Huyền	10010	99999	800	2	2	2	3	270	10171	100084
90010403	Giang Thiên Hùng	Địa	10036	99999	1800	8	4	5	3	360	10406	100074
90010503	Đường Phi	Địa	60007	99999	900	9	7	0	4	210	10421	100080
90010603	Thương Hạc Minh	Địa	10029	99999	1500	6	3	4	3	420	10256	100088
90010703	Kha Hàng Long	Địa	10043	99999	2800	12	5	2	3	600	10466	100099
91000102	Cự mãng	Huyền	0	99999	1200	8	6	16	3	250	10639	910001
91000103	Độc xà	Huyền	0	99999	600	6	10	12	3	150	10702	910001
91000104	Vương Xà	Huyền	10117	99999	1600	10	2	20	3	400	10701	910001
91000204	Đại Hùng	Huyền	0	99999	3600	10	0	2	3	500	10638	910002
91000205	Đại Hùng	Huyền	0	99999	2000	10	0	2	3	200	10638	910002
91000206	Dã hùng	Huyền	0	99999	2000	10	0	2	3	500	10638	910002
91000207	Dã hùng	Huyền	0	99999	2000	10	0	2	2	200	10691	910002
91000301	Tiểu Hùng	Huyền	0	99999	1500	10	0	2	3	200	10692	910002
91000302	Tiểu Hùng	Huyền	0	99999	2000	10	0	2	3	200	10692	910002
91000401	Ngạc ngư	Huyền	0	99999	2000	10	0	15	3	350	10693	600002
91000402	Lão Nhị	Huyền	10128	99999	2000	10	6	15	3	350	10711	600002
91000501	Hắc Lang	Huyền	0	99999	1800	15	20	10	5	180	10694	600001
91000601	Tiểu Hắc lang	Huyền	10130	99999	1000	5	10	5	3	100	10713	600001
91000701	Bạch lang	Huyền	10129	99999	1800	15	10	10	5	250	10712	600001
91000801	Tiểu Bạch lang	Huyền	0	99999	1000	10	5	5	3	150	10697	600001
91000901	Tông lang	Huyền	0	99999	1800	10	10	10	3	180	10698	600001
91001001	Tiểu tông lang	Huyền	0	99999	1000	5	5	10	3	100	10699	600001
91001101	Gà mái	Hoàng	0	99999	200	4	6	12	2	100	10689	910011
91001201	Gà trống	Hoàng	0	99999	150	8	4	6	2	150	10690	910012
91001202	Kê sư phó	Hoàng	10127	99999	2600	20	10	15	2	150	10710	910012
91001301	Lão ưng	Hoàng	0	99999	1800	15	25	10	5	150	10700	910013
99001503	Cốc Vân Phi	Địa	10068	99999	3200	8	10	18	3	650	10688	990015
99001703	Lợi Đa Nhân Ba Thiết	Huyền	10095	99999	6000	25	5	25	2	800	10153	990017
99002301	Diệp Cô	Địa	10102	99999	4700	8	6	12	3	500	10672	990023
99002401	Hoa Cửu Sắt	Địa	10103	99999	5000	7	13	6	5	420	10673	990024
99002501	Kim Hi Phượng	Địa	10104	99999	4400	4	10	6	4	400	10674	990025
99002601	Doãn Thế Doãn	Địa	10105	99999	5000	6	8	10	3	550	10675	990026
99002701	Huyền Li Công	Địa	10106	99999	6800	12	8	8	4	750	10676	990027
99002702	Vô Tướng	Địa	10106	99999	6800	18	6	6	4	380	10676	990027
99002703	Vô Ngã	Địa	10106	99999	6800	8	6	6	4	1200	10676	990027
99002704	Vô Dục	Địa	10106	99999	6800	8	16	6	4	550	10676	990027
99002705	Vô Thường	Địa	10106	99999	6800	8	12	20	4	450	10676	990027
99002801	Dương đệ thượng nhân	Địa	10107	99999	5000	8	10	6	3	600	10677	990028
99002901	Nam Cung Long Phi	Địa	10108	99999	3800	4	8	13	3	480	10678	990029
99003001	Tần Tư Long	Địa	10109	99999	4200	12	6	15	3	520	10679	990030
99003501	Thần hỏa binh	Huyền	10113	99999	1600	0	4	8	2	400	10681	990035
99003502	Thần hỏa binh	Huyền	10113	99999	1600	0	4	8	2	400	10681	990035
99003503	Thần hỏa binh	Huyền	10113	99999	1600	0	4	8	2	400	10681	990035
99003504	Thần hỏa binh	Huyền	10113	99999	1600	0	4	8	2	400	10681	990035
99003505	Thần hỏa binh	Huyền	10113	99999	1600	0	4	8	2	400	10681	990035
99003506	Thần hỏa binh	Huyền	10113	99999	1600	0	4	8	2	400	10681	990035
99003507	Thần hỏa binh	Huyền	10113	99999	1600	0	4	8	2	400	10681	990035
99003508	Thần hỏa binh	Huyền	10113	99999	1600	0	4	8	2	400	10681	990035
99003701	Thiết thương đội	Hoàng	10111	99999	1500	6	4	6	3	350	10684	990037
99003702	Thiết thương đội	Hoàng	10111	99999	1500	6	4	6	3	350	10684	990037
99003703	Thiết thương đội	Hoàng	10111	99999	1500	6	4	6	3	350	10684	990037
99003704	Thiết thương đội	Hoàng	10111	99999	1500	6	4	6	3	350	10684	990037
99003705	Thiết thương đội	Hoàng	10111	99999	1500	6	4	6	3	350	10684	990037
99003706	Thiết thương đội	Hoàng	10111	99999	1500	6	4	6	3	350	10684	990037
99003707	Thiết thương đội	Hoàng	10111	99999	1500	6	4	6	3	350	10684	990037
99003708	Thiết thương đội	Hoàng	10111	99999	1500	6	4	6	3	350	10684	990037
99003709	Thiết thương đội	Hoàng	10111	99999	1500	6	4	6	3	350	10684	990037
99003710	Thiết thương đội	Hoàng	10111	99999	1500	6	4	6	3	350	10684	990037
99003711	Thiết thương đội	Hoàng	10111	99999	1500	6	4	6	3	350	10684	990037
99003712	Thiết thương đội	Hoàng	10111	99999	1500	6	4	6	3	350	10684	990037
99003713	Thiết thương đội	Hoàng	10111	99999	1500	6	4	6	3	350	10684	990037
99003714	Thiết thương đội	Hoàng	10111	99999	1500	6	4	6	3	350	10684	990037
99003715	Thiết thương đội	Hoàng	10111	99999	1500	6	4	6	3	350	10684	990037
99003801	Đại đao đội	Hoàng	10112	99999	1400	8	6	10	3	500	10685	360078
99003802	Đại đao đội	Hoàng	10112	99999	1400	8	6	10	3	500	10685	360078
99003803	Đại đao đội	Hoàng	10112	99999	1400	8	6	10	3	500	10685	360078
99003804	Đại đao đội	Hoàng	10112	99999	1400	8	6	10	3	500	10685	360078
99003805	Đại đao đội	Hoàng	10112	99999	1400	8	6	10	3	500	10685	360078
99003806	Đại đao đội	Hoàng	10112	99999	1400	8	6	10	3	500	10685	360078
99003807	Đại đao đội	Hoàng	10112	99999	1400	8	6	10	3	500	10685	360078
99003808	Đại đao đội	Hoàng	10112	99999	1400	8	6	10	3	500	10685	360078
99003809	Đại đao đội	Hoàng	10112	99999	1400	8	6	10	3	500	10685	360078
99003810	Đại đao đội	Hoàng	10112	99999	1400	8	6	10	3	500	10685	360078
99003901	Hoàng đế	Hoàng	10116	99999	3200	10	10	10	3	800	10686	990039
99004001	Hoàng đế	Hoàng	10116	99999	3200	10	10	10	3	800	10686	990039
99005401	Vô Tướng	Địa	10106	99999	6800	18	6	6	4	380	10676	990027
99005501	Vô Ngã	Địa	10106	99999	6800	8	6	6	4	1200	10676	990027
99005601	Vô Dục	Địa	10106	99999	6800	8	16	6	4	550	10676	990027
99005701	Vô Thường	Địa	10106	99999	6800	8	12	20	4	450	10676	990027
99005801	Thiên Ý thượng nhẫn	Địa	10099	99999	2300	14	12	6	4	400	10664	360068
99005901	Thiên Ý phóng độc nhẫn giả	Địa	10099	99999	800	8	6	4	3	200	10656	360068
99006001	Thiên Ý phóng độc nhẫn giả	Địa	10099	99999	800	8	6	4	3	200	10656	360068
99006101	Thiên Ý phóng độc nhẫn giả	Địa	10099	99999	800	8	6	4	3	200	10656	360068
99006201	Thiên Ý nhẫn giả	Địa	10099	99999	1200	8	6	4	3	200	10656	360068
99006301	Thiên Ý nhẫn giả	Địa	10099	99999	1200	8	6	4	3	200	10656	360068
99006401	Thiên Ý nhẫn giả	Địa	10099	99999	1200	8	6	4	3	200	10656	360068
99006501	Thiên Ý nhẫn giả	Địa	10099	99999	1200	8	6	4	3	200	10656	360068
99006801	Cẩm Y Vệ	Huyền	10110	99999	2000	6	4	12	3	460	10683	500006
99006901	Quan binh	Hoàng	0	99999	800	0	0	0	2	0	10526	100117
99007001	Quan binh	Hoàng	0	99999	800	0	0	0	2	0	10526	100117
99007101	Quan binh	Hoàng	0	99999	800	0	0	0	2	0	10526	100117
99007201	Quan binh	Hoàng	0	99999	800	0	0	0	2	0	10526	100117
99007301	Cẩm Y Vệ	Huyền	10110	99999	2000	6	4	12	3	460	10683	500006
99007401	Đông Xưởng sát thủ	Huyền	10073	99999	1200	16	8	20	3	220	10521	100116
99007501	Đông Xưởng sát thủ	Huyền	10073	99999	1200	16	8	20	3	220	10521	100116
99007601	Trường Hồng tiêu sư	Huyền	0	99999	1600	0	0	0	2	60	10416	100079
99007701	Trường Hồng tiêu sư	Huyền	0	99999	1600	0	0	0	2	60	10416	100079
99007801	Trường Hồng tiêu sư	Huyền	0	99999	1600	0	0	0	2	60	10416	100079
99007901	Đường Môn môn nhân	Huyền	10085	99999	1000	4	20	0	3	50	10428	100083
99008001	Đường Môn môn nhân	Huyền	10085	99999	1000	4	20	0	3	50	10428	100083
99008101	Đường Môn môn nhân	Huyền	10085	99999	1000	4	20	0	3	50	10428	100083
99008201	Tây Vực du dân	Hoàng	0	99999	500	4	2	2	2	30	10661	360087
99008301	Tây Vực du dân	Hoàng	0	99999	1500	2	2	4	3	30	10662	360088
99008401	Trư Bát Giới	Địa	10068	99999	3000	6	8	25	3	600	10127	100015
99008501	Đường Tăng	Địa	10069	99999	2500	24	14	2	3	450	10051	100016
99008601	Sa Ngộ Tĩnh	Huyền	10008	99999	2800	18	8	6	3	100	10186	100021
99008701	Tửu yêu	Địa	10072	99999	3400	4	8	12	3	300	10101	100026
99008801	Kỳ yêu	Địa	10072	99999	2000	10	4	0	3	200	10102	100027
99008901	Dược tinh	Địa	10072	99999	3500	0	0	0	3	400	10103	100028
99009001	Cầm yêu	Địa	10072	99999	3000	10	8	0	3	100	10104	100029
99009101	Nghiễn tinh	Địa	10072	99999	2800	6	10	2	3	160	10105	100030
99009201	Bút yêu	Địa	10072	99999	2700	8	4	8	3	240	10106	100031
99009301	Hoa yêu	Địa	10072	99999	3600	4	4	4	3	140	10108	100419
99009401	Tiêu Dao đại vương	Thiên	10047	99999	5000	20	20	20	3	600	10056	100017
99009501	Hồ tổng quản	Huyền	10017	99999	2400	15	5	15	4	500	10066	100019
99009601	Tạp Tạp Đông	Huyền	10099	99999	4200	8	12	8	5	500	10664	360068
99009701	Minh nhân	Huyền	10099	99999	9999	4	6	12	3	400	10664	360068
99009801	Anh tử	Huyền	10099	99999	2800	12	4	6	3	280	10664	360068
99009901	Hữu Trụ	Huyền	10099	99999	3600	8	12	8	4	360	10664	360068
99010001	Tịch Tà	Hoàng	10060	99999	9999	10	10	10	3	200	10705	990100
99010101	Tịch Tà	Hoàng	10060	99999	9999	10	10	10	3	200	10705	990100
99010201	Tịch Tà	Hoàng	10060	99999	9999	10	10	10	3	200	10705	990100
99010301	Tịch Tà	Hoàng	10060	99999	9999	10	10	10	3	200	10705	990100
99010401	Tịch Tà	Hoàng	10060	99999	9999	10	10	10	3	200	10705	990100
99010501	Tịch Tà	Hoàng	10060	99999	9999	10	10	10	3	200	10705	990100
99010601	Cầm điên	Hoàng	60001	99999	3000	5	5	5	3	450	10714	100014
99010701	Kỳ ma	Hoàng	60001	99999	2500	5	5	5	3	350	10715	100014
99010801	Thư ngốc	Hoàng	60001	99999	2500	3	3	3	3	250	10716	100014
99010901	Họa cuồng	Hoàng	60001	99999	2500	3	3	3	3	250	10717	100014
99011001	Thần y	Hoàng	60001	99999	2500	3	3	3	3	200	10718	100014
99011101	Xảo tượng	Hoàng	60001	99999	2000	3	3	3	3	200	10719	100014
99011201	Hoa si	Hoàng	60001	99999	2000	3	3	3	3	200	10720	100014
99011301	Hí mê	Hoàng	60001	99999	2000	3	3	3	3	200	10721	100014
99011401	Thông biện tiên sinh	Hoàng	60001	99999	4500	10	10	10	3	500	10722	100014
99011501	Tiêu Dao chưởng môn	Hoàng	10132	99999	12000	20	20	20	3	800	10723	100014
99011601	Tôn Diệp	Huyền	10089	99999	2800	10	10	10	3	360	10243	100130