#SkillNo	SkillName	NeedToSelectTarget	SkillType	TargetType	TargetArea	Range	AOE	MinDamage	MaxDamage	UseAp	CD	UseSkillAfterMove	condition	SkillEffectID	sSkillIcon
100001001	Thiên Thượng Thiên Hạ	1	0	2	0	2	1	800	900	200	0	1	500052	100001001	s01007
100001002	Duy Ngã Độc Tôn	1	0	2	0	2	1	800	900	300	3	1	500000	100001002	s02009
100001003	Thiên Vương Thác Tháp	1	0	2	1	3	0	900	1000	400	4	1	500001,500012	100001003	s02010
100001004	Hóa Kính Quy Nguyên	1	0	2	0	1	0	500	600	300	0	1	500086,500090	100017001	s01057
100001005	Bát Mạch Thăng Hoa	0	1	1	0	0	0	800	1400	800	4	1	500042	100017003	s04004
100002001	Thiên Thượng Thiên Hạ	1	0	2	0	2	1	1500	1600	300	0	1	500052,500009	100002001	s01007
100002002	Duy Ngã Độc Tôn	1	0	2	0	2	1	1700	1900	500	2	1	500000,500008	100002002	s02009
100002003	Thiên Vương Thác Tháp	1	0	2	1	3	0	2000	2100	700	4	1	500001,500051,500012	100002003	s02010
100003001	Long Cầm Công	0	0	2	0	1	1	900	1000	100	0	1	500008	100003003	s02003
100003002	Độc Tôn Long Vương Ấn	1	0	2	0	2	1	800	900	300	3	1	500014,500013	100003002	s01007
100003003	Phách Giả Hoành Lan	0	0	2	0	0	3	1200	1300	400	4	1	500000,500042	100003001	s02006
100004001	Long Cầm Công	0	0	2	0	1	1	1300	1500	200	0	1	500008,500009	100005003	s02003
100004002	Độc Tôn Long Vương Ấn	1	0	2	0	2	1	1300	1500	400	2	1	500014,500013,500023	100005002	s01007
100004003	Phách Giả Hoành Lan	0	0	2	0	0	3	1400	1600	800	3	1	500000,500051,500027	100005001	s02006
100005001	Tu La Diệt	1	0	2	0	2	0	1200	1500	200	0	1	500008,500004	100006001	s01033
100005002	Tu La Tiêm	0	0	2	0	0	1	1200	1400	400	3	1	500039,500003	100006002	s01034
100005003	Tu La Phách	1	0	2	1	2	0	1400	1700	600	4	1	500012,500035	100006003	s01035
100007001	Châu Hoa Dương Vũ	1	0	2	1	3	0	900	1000	200	0	1	500013,500007	100007001	s01031
100007002	Phi Sa Tẩu Thạch	0	0	2	0	0	2	800	900	400	2	1	500132,500013	100007002	s02006
100007003	Cao Sơn Lưu Thủy	1	0	2	2	3	0	900	1000	600	3	1	500001,500013,900036	100007003	s02003
100008001	Hồ Già Thập Bát Phách	1	0	2	1	3	0	800	900	200	0	1	500013,900033	100008001	s01031
100008002	Xuân Giang Hoa Nguyệt Dạ	0	1	1	0	0	3	900	1200	400	3	1	500041,900034	100008002	s04008
100008003	Thập Diện Mai Phục	0	0	2	0	0	3	600	700	600	2	1	500013,900035	100008003	s02009
100009001	Kim Điêu Bằng Phi	1	0	2	0	2	0	900	1200	100	0	1	500052,900102	100009001	s01008
100009002	Kim Dực Triển Sí	1	0	2	3	1	0	700	1100	240	0	1	500052,500018	100009002	s01009
100009003	Nhất Minh Kinh Nhân	1	0	2	0	3	0	1300	1500	320	3	1	500028,500039	100009003	s01030
100010001	Võng Lượng Tồi Tâm	1	0	2	0	1	0	900	1000	100	0	1	500052,500006	100010001	s01003
100010002	Ly Hồn Thất Bộ	1	0	2	0	1	0	900	1000	300	2	1	500005,500006	100010002	s03005
100010003	Tồi Tâm Đoạn Hồn	1	0	2	0	1	0	1000	1200	400	3	1	500013,500049	100010003	s03002
100011001	Nghiệp Hỏa Hồng Liên	1	0	2	0	1	0	1100	1300	150	0	1	500004	100011001	s01009
100011002	Huyết Dạ Ẩn	1	0	2	0	2	0	900	1100	300	3	1	500002,900102	100011002	s01006
100011003	Dạ Xoa Tham Hải	0	0	2	0	0	1	1000	1200	400	2	1	500023,500024,500132	100011003	s02009
100012001	Đãng Kiếm Thức	1	0	2	1	2	0	850	900	150	0	1	0	100012001	s01029
100012002	Liêu Kiếm Thức	1	0	2	0	2	1	900	1100	300	3	1	500004	100012002	s01022
100012003	Loạn Kiếm Thức	1	0	2	3	1	0	1000	1300	500	4	1	500013,500012	100012003	s01019
100013001	Tiêu Sử Thừa Long	1	0	2	1	2	0	440	680	100	0	1	500008	100013001	s01029
100013002	Sơn Ngoại Thanh Âm	0	1	1	0	0	2	200	400	150	2	1	900037	100013003	s05007
100013003	Phượng Khúc Trường Minh	0	1	1	0	0	2	500	900	300	3	1	500041,900038	100013002	s04005
100014000	Huy Kiếm	1	0	2	0	1	0	100	150	0	0	1	0	100014000	s01049
100014001	Phù Diêu Trực Thượng	1	0	2	0	1	0	300	350	75	0	1	500052	100014001	s01007
100014002	Bằng Phi Thiên Lý	1	0	2	0	2	0	350	400	150	2	1	500000	100014002	s01011
100014003	Biến Quyền	1	0	2	0	1	0	300	400	150	0	1	500052,500132	100014003,100014004,100014005	s01004
100014004	Thạch Phá Thiên Kinh	1	0	2	0	1	0	800	1200	600	2	1	500000,500039	100014006	s01002
100014005	Tiến Bộ Song Chưởng	1	0	2	0	1	0	350	400	150	0	1	0	100014005	s01001
100014007	Dương Xuân Bạch Tuyết	1	0	2	0	1	0	450	500	150	0	1	500052	100014007	s01003
100014008	Dương Quan Tam Điệt	1	0	2	3	1	0	600	650	450	2	1	500052,500005	100014008	s01005
100014009	Lục Dương Dung Tuyết	0	1	1	0	0	0	300	400	750	2	1	500019,500026,500025	100014009	s05009
100014010	Túy Tửu Bát Tí Liên Hoàn Thích	0	0	2	0	0	1	300	400	250	0	1	500053,500195	100014010	s01011
100014011	Túy Tửu Đề Hồ Lực Thiên Quân	1	0	2	0	2	0	500	600	450	2	1	500015,500195	100014011	s01007
100014012	Đạn Yêu Hiến Tửu Túy Đương Bộ	1	0	2	0	2	0	600	700	600	3	1	500053,500017,500195	100014012	s01010
100014013	Đoạn Hồn Kỳ Độc	1	0	2	0	1	0	444	499	150	0	1	500049	100014013	s03002
100014014	Quỷ Khốc Thần Hào	1	0	2	0	1	0	544	599	600	2	1	500009,500000	100014014	s03004
100014015	Nguyệt Khuyết Quyết	1	0	2	0	3	0	500	600	300	0	1	500028	100014015	s01048
100014016	Nguyệt Trướng Quyết	1	0	2	3	1	0	600	700	750	2	1	500008	100014016	s01032
100014017	Nguyệt Minh Quyết	0	1	1	0	0	0	200	300	600	2	1	500192,500022,500023	100014017	s05010
100014018	Phi Long Tại Thiên	1	0	2	0	2	0	600	700	300	0	1	500052,500014	100014018	s01003
100014019	Long Chiến Vu Dã	1	0	2	1	3	0	700	800	450	2	1	500001,500052	100014019	s02010
100014020	Kháng Long Hữu Hối	1	0	2	1	3	0	800	1000	700	3	1	500000,500015	100014020	s01053
100014021	Độ Nhất Thiết Khổ Ách	1	0	2	0	2	0	450	550	250	0	1	500027,500001	100014021	s01045
100014022	Vô Khổ Tịch Diệt Đạo	1	0	2	0	2	1	500	600	600	3	1	500000	100014022	s01044
100014023	Vô Vô Minh Ấn	0	1	1	0	0	0	400	500	900	4	1	500012,500025	100014023	s05010
100014024	Dương Ý Khứ Âm	1	0	2	0	2	0	550	600	450	0	1	500013	100014024	s01006
100014025	Nhất Ngôn Cửu Đỉnh	1	0	2	0	2	0	300	400	900	3	1	500002,500135	100014025	s01059
100014026	Chúc Long Khấp Thiên	1	0	2	0	1	0	310	410	150	0	1	500052,500006	100014026	s03003
100014027	Âm Phong Khiếu Nhạc	0	0	2	0	0	1	310	410	300	2	1	500049,500009	100014027	s03005
100014028	Cửu Âm Truy Hồn Phá	1	0	2	0	1	0	450	550	600	3	1	900102,500013	100014028	s03002
100014029	Phi Lưu Tam Thiên Xích	1	0	2	0	3	0	340	400	150	0	1	500052	100014029	s01029
100014030	Ngân Hà Lạc Cửu Thiên	1	0	2	0	2	1	450	500	450	2	1	500051,500013	100014030	s01034
100014031	Phi Hồng Kính	0	1	1	0	0	0	700	800	450	2	1	500017,500014	100014031	s05003
100014032	Kiếm Khí Túng Hoành	1	0	2	1	4	0	500	600	600	0	1	500013,500027,500052	100014032	s01042
100014033	Lục Mạch Thập Sát	0	0	2	0	0	2	750	900	900	3	1	500013,500004,500027	100014033	s01035
100014034	Nguyệt Xạ Hàn Giang	1	0	2	0	1	0	250	350	150	0	1	500160	100014034	s01049
100014035	Thiên Nhược Hữu Tình	1	0	2	1	3	0	400	500	300	2	1	500015	100014035	s01019
100014036	Tình Thâm Nghĩa Trọng	1	1	1	0	1	0	800	1000	750	4	1	500055	100014036	s05001
100014037	Yên Vũ Mê Mông	1	0	2	0	1	0	200	300	150	0	1	500013	100014037	s01041
100014038	Tiêu Tương Thủy Vân	1	0	2	1	3	0	320	380	300	2	1	500013	100014038	s02002
100014039	Nho Kiếm Thức	1	0	2	0	1	0	350	450	300	0	1	500020	100014039	s01060
100014040	Đạo Kiếm Thức	1	0	2	0	1	0	500	600	600	3	1	900013	100014040	s02007
100014041	Mặc Kiếm Thức	0	0	2	0	1	1	300	400	600	3	1	500013	100014041	s01034
100014042	Đãng Kiếm Thức	1	0	2	0	2	0	290	390	300	0	1	500013	100014042	s02006
100014043	Liêu Kiếm Thức	1	0	2	0	2	1	390	490	450	3	1	500013,500132	100014043	s01042
100014044	Loạn Kiếm Thức	1	0	2	3	1	0	490	590	600	4	1	500013,500012	100014044	s01052
100014045	Thanh Long Khiếu Thiên	1	0	2	0	1	0	350	450	225	0	1	500018	100014045	s02003
100014046	Phượng Dực Thiên Tường	0	0	2	0	1	1	350	400	525	3	1	500013	100014046	s02007
100014047	Bất Động Như Sơn	0	1	1	0	0	0	300	400	300	2	1	500042,500192	100014047	s05002
100014048	Tộc Bào Nguyệt Canh Đao	1	0	2	0	1	0	300	400	225	0	1	500052,500018	100014048	s01054
100014049	Lương Bào Tuế Canh Đao	1	0	2	0	1	0	400	500	400	2	1	500052,500132	100014049	s01021
100014050	Du Nhận Tất Hữu Dư	1	0	2	0	1	0	600	700	500	3	1	500052,500039	100014050	s01047
100014051	Minh Côn Trảm	1	0	2	0	1	0	300	330	150	0	1	500004	100014051	s01026
100014052	Nhất Du Nhận	1	0	2	1	2	0	350	450	300	2	1	500008	100014052	s01062
100014053	Bác Cực Nhi Phục	1	0	2	1	2	0	350	400	350	0	1	500008	100014053	s01038
100014054	Phục Vô Cực Dã	1	0	2	1	2	0	450	600	600	3	1	500015	100014054	s01063
100014055	Tối Vô Cực	0	1	1	0	0	0	200	300	400	2	1	600022	100014055	s05008
100014056	Lôi Đình Vẫn Lạc	1	0	2	0	1	0	400	500	250	0	1	500027,500051	100014056	s01026
100014057	Phích Lịch Tật Trảm	1	0	2	0	2	0	450	550	450	2	1	900012,500035	100014057	s01021
100014058	Tam Thiên Lôi Động	1	0	2	0	2	1	700	800	600	4	1	500001,500039	100014058	s01038
100014059	Phong Tùy Bạch Vân Phi	1	0	2	3	2	0	150	200	150	0	1	500001,500022	100014059	s01013
100014060	Mộng Trung Vân Lai Cảnh	1	0	2	0	2	1	300	350	300	2	1	500000,500025	100014060	s01014
100014061	Nhất Túy Tiêu Diêu	1	0	2	0	2	0	500	600	300	0	1	900128,500195	100014061	s01012
100014062	Túy Ngọa Kiền Khôn	0	0	2	0	1	1	450	550	550	2	1	500020,500195	100014062	s01024
100014063	Túy Điệp	0	1	1	0	0	0	300	400	450	2	1	500015,500195	100014063	s05004
100014064	Bổng Đả Ác Khuyển	1	0	2	0	2	0	500	600	250	0	1	500008	100014064	s01014
100014065	Hoàng Cẩu Tát Niệu	1	0	2	3	1	0	450	550	600	2	1	500051,500001	100014065	s01013
100014066	Thiên Hạ Vô Cẩu	1	0	2	0	1	1	500	600	900	4	1	500014,600054	100014066	s01012
100014067	Tinh Vũ Mạn Thiên	1	0	2	0	3	1	300	400	150	0	1	900026	100014067	s01042
100014068	Tinh Hỏa Liệu Nguyên	1	0	2	0	3	1	300	400	600	2	1	500007,500017	100014068	s01043
100014069	Phi Tinh Đái Nguyệt	0	0	2	0	0	3	300	400	900	4	1	500004,500051	100014069	s01028
100014070	Lôi Hỏa Hôi Tẫn	1	0	2	0	3	1	300	400	350	0	1	500009,500007	100014070	s01023
100014071	Phích Lịch Cửu Thiên	0	0	2	0	0	2	600	800	900	4	1	500008,500039	100014071	s02009
100014072	Phi Tinh Trịch	1	0	2	0	4	0	400	450	300	0	1	500132	100080001	s01015
100014073	Đoạt Hồn Hãm	1	0	2	0	3	1	350	400	600	2	1	500003,500006	100081002	s03004
100014074	Bạo Vũ Lê Hoa	1	0	2	0	3	1	420	460	900	3	1	500013,900102	100080002	s02004
100014132	Hàn Mai Ánh Tuyết	1	0	2	1	3	0	300	350	300	0	1	900014,500013	100014132	s01044
100014133	Phi Yến Lăng Ba	0	1	1	0	1	1	200	300	450	2	1	900020	100014133	s05006
100014134	Không Sơn Minh Giản	0	1	1	0	1	1	500	600	750	4	1	900021	100014134	s04007
100014138	Chiêu Quân Xuất Tắc	1	0	2	1	3	0	350	400	450	0	1	500000,500013	100014135	s01044
100014139	Tây Thi Phủng Tâm	0	0	2	0	0	2	350	400	600	2	1	900015,500013	100014136	s02009
100014140	Điêu Thiền Bái Nguyệt	0	1	1	0	0	2	800	1000	900	4	1	900017	100014137	s04001
100014135	Vô Ưu Vô Lự	0	0	2	0	0	2	300	350	600	0	1	900016,500013	100014138	s01059
100014136	Bồ Đề Thanh Tâm	0	1	1	0	0	2	400	600	900	2	1	900018	100014139	s04002
100014137	Ngạo Tiếu Hồng Trần	0	0	2	0	0	3	400	500	1500	4	1	900019,500013	100014140	s02009
100014141	Đức Động Thiên Kinh	1	0	2	1	2	0	350	450	300	0	1	500007,500132	100014141	s01059
100014142	Đế Bất Ngôn Chính	1	0	2	1	2	0	200	300	600	3	1	500002,500001	100014142	s01053
100014144	Xuất Kỳ Bất Ý	1	0	2	0	1	0	300	400	150	0	1	500053,900102	100014144	s01010
100014145	Hổ Hạc Song Hình	1	0	2	0	2	0	400	500	300	2	1	500053,500000	100014145	s01036
100014146	Như Ảnh Tùy Hình	1	0	2	0	1	0	600	700	600	4	1	500017,500007	100014146	s01011
100014147	Bộ Phong Tróc Ảnh	1	0	2	0	2	0	300	350	250	0	1	500053,500003	100014147	s01033
100014148	Phong Trung Kính Thảo	1	0	2	0	1	1	400	500	400	2	1	500053,500000	100014148	s01034
100014149	Bạo Vũ Cuồng Phong	1	0	2	0	1	1	500	600	600	3	1	500053,500039	100014149	s01020
100014150	Tấn Đao	1	0	2	0	4	0	200	300	200	0	1	500052,500014	100014151	s01042
100014151	Xuất Đao	1	0	2	0	5	0	600	700	600	2	1	900129	100014151	s01015
100014152	Thiết Quyền Vô Địch	0	0	2	0	0	1	1600	2000	1000	3	1	500027,500047,500013	100999001	s01001
100014153	Thanh Sương Lệ	1	0	2	0	4	0	220	350	250	0	1	500052,500000	100014153	s00090
100014154	Băng Cơ Ngọc Cốt	1	0	2	0	3	0	350	410	300	2	1	500011,500051	100014154	s01040
100014157	Hổ Phệ Sơn Lâm	1	0	2	1	2	0	400	500	300	2	1	500004,500001	100014156	s01010
100014156	Long Đằng Giang Hải	1	0	2	0	2	0	300	350	200	0	1	500053,500017	100014157	s01055
100014159	Nhất Điểm Hồng	1	0	2	0	2	0	280	320	150	0	1	500052,500013	100014159	s01006
100014160	Bát Tiên Chỉ Lộ	1	0	2	0	2	0	420	480	250	2	1	500052,500132	100014160	s01028
100014162	Hấp Phong Ẩm Lộ	1	0	2	0	2	0	270	330	250	0	1	900010	100014162	s00094
100014163	Ngự Phong Nhi Hành	1	0	2	3	1	0	270	330	250	0	1	500007,500014	100014163	s00093
100014165	Đào Chi Yêu Yêu	1	0	2	0	2	0	270	330	150	0	1	500027,500003	100014165	s00089
100014166	Xuân Phong Phất Diện	1	1	1	1	2	0	600	900	600	0	1	500058,900011	100014166	s04008
100014169	Vô Phong Khởi Lãng	1	0	2	1	2	0	350	450	350	0	1	500027	100014169	s00106
100014170	Hồi Mã Thương	1	0	2	0	2	0	600	700	500	2	1	500039,500013	100014170	s00105
100014171	Thương Định Trung Nguyên	1	0	2	0	1	1	450	550	700	4	1	500132,500004,500013	100014171	s00107
100014175	Nhân Quỷ Thù Đồ	1	0	2	0	2	0	300	400	250	0	1	500053,500009	100014175	s00079
100014176	Địa Hồn Vô Hư	1	0	2	0	1	0	450	550	400	2	1	500027,500002	100014176	s00098
100014177	Thiên Hồn Miểu Miểu	1	0	2	0	1	1	550	650	600	3	1	500053,900102	100014177	s00097
100014178	Phong Vân Biến Sắc	1	0	2	0	1	0	350	400	225	0	1	500017,500019	100014178	s00088
100014179	Điện Xế Phong Trì	1	0	2	1	3	0	350	420	525	2	1	500004,500132	100014179	s00086
100014180	Bát Phương Phong Vũ	0	0	2	0	0	2	400	500	750	3	1	500004,500028,500007	100014180	s00087
100014181	Hàn Tùng Sương Trúc Kim Thác Đao	1	0	2	0	1	0	300	350	225	0	1	500052,500132	100014181	s00102
100014182	Mai Hoa Cù Dục Tuyên Hòa Bút	1	0	2	3	1	0	350	450	450	2	1	500007,500025	100014182	s00104
100014183	Ma Cật Thi Họa Kiến Họa Thi	0	0	2	0	0	1	200	350	750	3	1	500012,500042,500002	100014183	s01016
100014184	Bát Phương Tàng Đao Thức	0	0	2	0	0	1	300	400	250	0	1	500011	100014184	s01062
100014185	Triền Thân Trích Tâm Đao	1	0	2	1	2	0	500	600	375	3	1	500001,500051	100014185	s00101
100014186	Bế Môn Thiết Phiến Đao	0	0	2	0	0	1	500	550	500	3	1	500126	100014186	s00100
100014187	Hầu Tam Trảo Đào Thức	1	0	2	3	1	0	300	400	150	0	1	500052,500004	100014187	s00083
100014188	Hầu Tam Xả Đào Thức	1	0	2	1	2	0	350	450	300	2	1	500053,500027	100014188	s00082
100014189	Hầu Tam Phá Đào Thức	1	0	2	0	1	0	700	800	600	3	1	500001,500039,500057	100014189	s00084
100014190	Nhất Đao Khởi Trình	1	0	2	1	2	0	300	350	100	0	1	500014	100014190	s01029
100014191	Tẩu Kiếm Hành Đao	1	0	2	0	2	0	450	550	200	2	1	500004,500003	100014191	s01063
100014192	Đao Kiếm Khiếu	1	0	2	1	2	0	450	500	600	3	1	500039,500035	100014192	s02008
100014193	Truy Hồn Đoạt Phách	1	0	2	1	4	0	350	400	400	0	1	500013,900102	100014195	s01041
100014194	Vô Thường Tác Mệnh	1	0	2	1	3	0	450	550	800	2	1	500028,500009	100014193	s02002
100014195	Diêm Vương Lạc Bút	0	0	2	0	0	2	500	600	1500	4	1	500051,900099	100014194	s01022
100014196	Đao Kiếm Hợp	1	0	2	3	1	0	400	500	350	0	1	500018,500022	100014196	s00112
100014197	Tổng Quyết Đao	0	0	2	0	0	1	500	550	900	2	1	500012,500009	100014197	s00111
100014198	Tổng Quyết Kiếm	0	0	2	0	0	1	500	550	900	2	1	500013,500008	100014198	s01019
100014199	Giang Thượng Lộng Địch	1	0	2	3	1	0	450	550	400	0	1	500052,500024	100014199	s01049
100014200	Phi Yến Xuyên Liễu	1	0	2	0	3	0	450	600	900	1	1	900110,500017	100014200	s00110
100014201	Tảo Đãng Quần Ma	0	0	2	0	0	1	550	600	1500	1	1	900110,500014	100014201	s00113
100014202	Độc Kiềm Ngão Thứ	1	0	2	2	2	0	300	350	200	0	1	500021,500049	100014202	s00109
100014203	Bách Túc Trảo Nạo	1	0	2	2	3	0	400	450	400	3	1	500028,500039	100014203	s00117
100014204	Nhiệt Địa Du Diên	0	0	2	0	0	1	400	450	650	3	1	500051,900101	100014204	s00108
100014205	Kim Xà Thổ Tín	1	0	2	0	2	0	300	500	150	0	1	500132,900127	100014205	s00118
100014206	Bôi Cung Xà Ảnh	1	0	2	3	1	0	400	500	300	2	1	500007,500009	100014206	s00120
100014207	Kim Xà Cuồng Vũ	0	0	2	0	0	1	400	450	450	3	1	500013,500049	100014207	s00119
100014208	Huyết Phi Hoa	1	0	2	0	4	0	250	350	200	0	1	900153,500003	100014208	s00114
100014209	Loạn Hồng Trần	0	0	2	0	0	2	350	400	400	3	1	900153,500007	100014209	s01037
100014210	Mãn Giang Hồng	1	0	2	1	4	0	300	350	550	3	1	900153,500013	100014210	s01031
100014211	Trừu Ti Bác Kiển	1	0	2	0	1	0	350	400	200	0	1	500052,500005	100014211	s00116
100014212	Thiên Ti Vạn Lũ	1	0	2	3	1	0	400	450	400	2	1	900104,500049	100014212	s01017
100014213	Mệnh Nhược Huyền Ti	1	0	2	0	1	0	500	600	550	3	1	500002,500049	100014213	s01009
100014214	Cự Triệt Thức	1	0	2	3	1	0	300	350	150	0	1	900109,500003	100014214	s01008
100014215	Phi Sí Thức	1	0	2	0	1	0	450	500	300	2	1	500014,500132	100014215	s00080
100014216	Bộ Thiền Thức	1	0	2	0	2	0	500	550	400	4	1	900108,500002	100014216	s00096
100014217	Sinh Công Thuyết Pháp	1	0	2	3	1	0	350	400	200	0	1	900105	100014217	s01050
100014218	Khổ Hải Vô Biên	0	0	2	0	0	1	300	350	400	3	1	900106	100014218	s00115
100014219	Phóng Hạ Đồ Đao	0	0	2	0	0	1	300	350	700	3	1	900107	100014219	s01046
100014220	Xú Nê Đạn	1	0	2	0	3	0	200	300	300	0	1	500170,900172	100014153	s00103
100014221	Uế Cấu Bạo Đạn	1	0	2	0	3	1	10	10	1000	4	1	900092,900172	100014153	s00103
100014222	Tam Chiết Quăng	1	1	1	0	4	0	900	1200	250	0	1	900098,500041	100028001	s04004
100014223	Bách Bệnh Thân	1	0	2	2	3	0	50	50	500	2	1	900096	100014025	s01047
100014224	Thiên Kim Phương	1	1	1	2	3	0	1000	2000	1000	4	1	900097,500043	100014025	s04006
100014225	Dương Ý Khứ Âm	1	1	1	0	2	0	1100	1200	1500	0	1	500041	100014024	s04001
100014226	Kiếm Khí Túng Hoành	1	0	2	1	4	0	430	520	500	0	1	500008,500052	100014032	s01042
100014301	Lư Sơn Thăng Kê Phách	0	0	2	0	0	1	250	350	100	0	1	500052,500027,500001	100014001	s02005
100014302	Phượng Trảo Thất Liên Sát	1	0	2	0	1	1	200	400	150	0	1	500052,500004,500028	100108002	s00117
100014303	Thăng Long Quyền	0	0	2	0	0	1	350	500	200	0	1	500052,500001,500201	100014001	s01053
100014304	Toàn Phong Cước	0	0	2	0	0	2	450	600	350	0	1	500053,500000,500028	100422002	s01036
100014305	Khí Công Ba	1	0	2	1	5	0	600	1000	1800	1	1	500202	100134002	s01025
100015001	Vũ Tùng Quyền Đả Hổ	1	0	2	0	1	0	1100	1200	160	0	1	500052	100015001	s01002
100015002	Lâm Trùng Sách Mã Tiên	1	0	2	3	1	0	1200	1300	240	2	1	500001,500000	100015002	s01011
100015003	Tống Giang Nộ Đãng Khấu	1	0	2	0	3	0	1000	1100	320	3	1	500028,500035	100015003	s02010
100015004	Vũ Tùng Quyền Đả Hổ	1	0	2	0	1	0	598	628	64	0	1	500052	100015001	s01002
100015005	Lâm Trùng Sách Mã Tiên	1	0	2	3	1	1	678	778	104	3	1	500001	100015002	s01011
100015006	Vũ Tùng Quyền Đả Hổ	1	0	2	0	1	0	448	488	44	0	1	500052	100015001	s01002
100016001	Nhất Đao Khởi Trình	1	0	2	1	2	0	1000	1300	100	0	1	500014	100016001	s01029
100016002	Tẩu Kiếm Hành Đao	1	0	2	0	2	0	1100	1400	200	2	1	500004,500003	100016002	s01063
100016003	Đao Kiếm Khiếu	1	0	2	1	2	0	1400	1600	300	3	1	500039,500035	100016003	s02008
100016004	Nhất Đao Khởi Trình	1	0	2	1	2	0	700	900	100	0	1	500014	100016001	s01029
100016005	Tẩu Kiếm Hành Đao	1	0	2	0	2	0	800	1100	200	3	1	500004	100016002	s01063
100016006	Nhất Đao Khởi Trình	1	0	2	1	2	0	250	400	100	0	1	500014	100016001	s01029
100017001	Dương Quan Tam Điệt	1	0	2	0	2	0	1200	1400	200	0	1	500000,500005	100017001	s02008
100017002	Dương Xuân Bạch Tuyết	1	0	2	0	2	0	1400	1600	400	2	1	500052,500001	100017002	s02007
100017003	Dương Ca Thiên Quân	0	0	2	0	0	3	1000	1200	800	3	1	500009,500008	100017003	s02003
100018001	Độc Long Tham Hải	1	0	2	0	1	0	600	900	200	0	1	500006	100018001	s03002
100018002	Đoạn Hồn Thực Cốt	1	0	2	0	1	0	800	1100	300	2	1	500049,500008	100018002	s03004
100018003	Hóa Công Độc Chưởng	0	0	2	0	0	2	900	1300	400	4	1	500005,500001	100018003	s03005
100019001	Bát Phương Tàng Đao Thức	0	0	2	0	0	1	500	600	100	0	1	500008	100019001	s01062
100019002	Triền Thân Trích Tâm Đao	1	0	2	1	2	0	700	800	250	2	1	500001,500051	100019002	s01038
100019003	Bế Môn Thiết Phiến Đao	0	0	2	0	0	1	800	900	400	4	1	500126	100019003	s01043
100021001	Tộc Bào Nguyệt Canh Đao	1	0	2	0	1	0	500	600	100	0	1	500052,500003	100021001	s01021
100021002	Lương Bào Tuế Canh Đao	1	0	2	0	1	0	600	800	200	2	1	500052,500132	100021002	s01038
100021003	Du Nhận Tất Hữu Dư	1	0	2	0	1	0	800	1000	300	3	1	500052,500039	100021003	s01054
100022001	Thanh Long Bãi Vĩ	1	0	2	1	2	0	170	210	30	0	1	0	100022001	s01053
100022002	Lưu Tinh Cản Nguyệt	1	0	2	1	2	0	210	240	50	2	1	0	100022002	s01038
100023001	Kinh Thiên Chùy	1	0	2	3	1	0	150	170	30	0	1	0	100023001	s01018
100023002	Động Địa Chùy	0	0	2	0	0	1	170	200	50	2	1	500001	100023002	s02006
100024001	Nhất Chỉ Kinh Phong	1	0	2	0	1	0	130	150	30	0	1	500052	100024001	s01006
100024002	Nhất Chỉ Hãi Lãng	1	0	2	0	1	0	200	220	50	2	1	0	100024002	s01008
100025001	Phật Sơn Thiết Tuyến Quyền	1	0	2	0	1	0	140	160	30	0	1	0	100025001	s01007
100025002	Phật Sơn Vô Ảnh Cước	1	0	2	0	2	0	170	210	50	2	1	500053	100025002	s01055
100025003	Phật Sơn Vô Ảnh Cước	1	0	2	0	1	0	800	900	100	0	1	500001	100025002	s01055
100025004	Phật Sơn Vô Ảnh Cước	1	0	2	0	1	0	900	1000	200	0	1	500001	100025002	s01055
100025005	Phật Sơn Vô Ảnh Cước	1	0	2	0	1	0	1000	1200	300	0	1	500001	100025002	s01055
100026001	Túy Tửu Bát Tí Liên Hoàn Thích	0	0	2	0	0	1	900	1000	150	0	1	500053,500195	100026001	s01011
100026002	Túy Tửu Đề Hồ Lực Thiên Quân	1	0	2	0	1	0	1100	1300	250	2	1	500015,500195	100026002	s01007
100026003	Đạn Yêu Hiến Tửu Túy Đương Bộ	1	0	2	0	1	0	1400	1600	300	3	1	500017,500053,500195	100026003	s01010
100027001	Tinh Vũ Mạn Thiên	1	0	2	0	3	1	400	600	150	0	1	900026	100027001	s01043
100027002	Tinh Hỏa Liệu Nguyên	1	0	2	0	3	1	700	900	200	3	1	500013,500004	100027002	s02004
100027003	Phi Tinh Đái Nguyệt	0	0	2	0	0	2	1000	1200	400	4	1	500007,500051	100027003	s02009
100028001	Điểm Huyết Tiệt Mạch	1	0	2	0	4	0	300	400	100	0	1	500000,500004	100028001	s01047
100028003	Thiên Kim Phương	0	1	1	0	0	2	1000	2000	400	3	1	500043,900097	100028002	s04005
100028002	Tam Chiết Quăng	1	1	1	0	4	0	900	1200	250	1	1	900098,500041	100028001	s04004
100029001	Sưu Hồn	0	0	2	0	0	2	500	800	200	0	1	500013,900029	100029001	s01056
100029002	Tiêu Hồn	0	0	2	0	0	2	600	700	300	2	1	500013,900030	100029002	s01050
100029003	Vong Hồn	1	0	2	1	3	0	800	1000	400	4	1	500002,500013,900031	100029003	s01027
100030001	Đào Chi Yêu Yêu	1	0	2	1	2	0	800	1000	200	0	1	500027,500003	100030001	s00089
100030002	Xuân Phong Phất Diện	1	1	1	1	2	0	600	900	200	0	1	500037,500058	100030002	s04008
100031001	Hào Lệnh Thiên Hạ	1	0	2	1	3	0	700	1100	200	0	1	500028,500009	100031001	s01016
100031002	Mạc Cảm Bất Tòng	1	0	2	0	2	0	1200	1600	400	2	1	500002,500008	100031002	s01051
100032001	Mai Hoa Tam Lộng	1	0	2	1	2	0	700	900	80	0	1	500007	100032001	s01001
100032002	Mạn Thiên Hoa Ngữ	1	1	1	0	2	0	1300	1600	300	2	1	500037,500043	100032002	s01002
100032003	Bách Hoa Tề Trán	0	0	2	0	0	1	900	1100	220	2	1	500001,500132	100032003	s01007
100033001	Thiên Độc Vạn Cổ	1	0	2	0	1	0	800	1000	150	0	1	900153	100033001	s03004
100033002	Kim Xà Triền Thân	1	0	2	0	2	1	900	1200	250	3	1	900153,500010	100033002	s03005
100034001	Thiên Kiếm Quyết	1	0	2	0	1	1	1600	1800	200	0	1	500028,500004	100034001	s02002
100034002	Vạn Kiếm Quyết	0	0	2	0	0	2	1800	2000	400	2	1	500004,900102	100034002	s01041
100034003	Thất Kiếm Tru	1	0	2	1	3	0	1200	1400	600	3	1	500013,500039	100034003	s01063
100035001	Kim Châm Độ Kiếp	1	1	1	0	2	0	700	1200	200	2	1	500041,500026	100035001	s04005
100035002	Tĩnh Liên Điệp Vũ	0	1	1	0	0	3	1000	1600	400	3	1	500037,500042	100035002	s04008
100035003	Điểm Huyết Tiệt Mạch	1	0	2	0	2	0	300	400	100	0	1	500004	100013001	s01047
100036001	Lãm Tước Vĩ	1	0	2	0	1	0	500	700	150	0	1	500052	100036001	s01024
100036002	Loạn Hoàn Quyết	1	0	2	0	1	0	900	1100	250	3	1	500016,500021	100036002	s01032
100036003	Hoài Trung Bão Nguyệt	1	0	2	3	1	0	800	1000	400	4	1	500015,500019	100036003	s01048
100036004	Lãm Tước Vĩ	1	0	2	0	1	0	400	600	100	0	1	500052	100036001	s01024
100036005	Loạn Hoàn Quyết	1	0	2	0	1	0	600	800	200	3	1	500016	100036002	s01032
100036006	Lãm Tước Vĩ	1	0	2	0	1	0	300	500	80	0	1	500052	100036001	s01024
100037001	Viên Chuyển Thái Hư	1	0	2	0	1	0	1000	1200	200	0	1	500132	100037001	s01057
100037002	Tự Hữu Nhược Vô	1	0	2	3	1	0	1200	1400	300	2	1	500020,500021	100037003	s02002
100037003	Thái Cực Hóa Thanh	0	0	2	0	0	1	1000	1200	500	3	1	500042,500016	100037002	s01024
100037004	Viên Chuyển Thái Hư	1	0	2	0	1	0	520	650	100	0	1	500132	100037001	s01057
100037005	Tự Hữu Nhược Vô	1	0	2	3	1	0	650	850	200	3	1	500020	100037003	s02002
100037006	Viên Chuyển Thái Hư	1	0	2	0	1	0	470	520	100	0	1	500016	100037001	s01057
100038001	Viên Chuyển Thái Hư	1	0	2	1	2	0	1400	1600	200	0	1	500132,500021	100038001	s01057
100038002	Tự Hữu Nhược Vô	1	0	2	3	1	0	1500	1700	400	2	1	500020,500016	100038003	s02002
100038003	Thái Cực Hóa Thanh	0	0	2	0	0	1	1200	1300	600	3	1	500046,500012	100038002	s01024
100040001	Viên Chuyển Thái Hư	1	0	2	1	2	0	1100	1200	100	0	1	500132,500021	100040001	s01024
100040002	Tự Hữu Nhược Vô	1	0	2	3	1	0	1200	1300	200	2	1	500020,500016	100040002	s01017
100040003	Thái Cực Hóa Thanh	0	0	2	0	0	1	900	1000	300	3	1	500012,500019	100040003	s01031
100041001	Viên Chuyển Thái Hư	1	0	2	1	2	0	800	700	100	0	1	500132	100041001	s01024
100041002	Tự Hữu Nhược Vô	1	0	2	3	1	0	550	650	200	2	1	500020,500016	100041002	s01017
100041003	Thái Cực Hóa Thanh	0	0	2	0	0	1	650	700	300	3	1	500019	100041003	s01031
100042001	Ly Trung Hư	1	0	2	0	1	0	350	400	100	0	1	0	100042001	s01062
100042002	Kiền Tam Liên	1	0	2	0	1	0	400	500	150	2	1	500021	100042002	s01049
100042003	Bách Luyện Thành Nhu	1	0	2	0	1	0	900	1000	200	0	1	0	100037001	s01057
100042004	Dĩ Nhu Khắc Cương	1	0	2	0	1	0	1000	1100	300	2	1	500020	100037002	s02002
100042005	Nhu Vân Kiếm Quyển	0	0	2	0	0	1	900	1000	500	3	1	500012	100037002	s01024
100043001	Đại Nhật Như Lai	1	0	2	0	2	0	800	1000	200	0	1	500009	100043001	s01014
100043002	Tứ Phương Kết Duyên	0	0	2	0	0	1	900	1200	400	3	1	500022,910001	100043002	s01013
100043003	Chư Pháp Giai Không	0	0	2	0	0	1	1100	1400	600	4	1	500042,500020	100043003	s01012
100043004	Đại Nhật Như Lai	1	0	2	0	2	0	500	600	100	0	1	500009	100043001	s01014
100043005	Tứ Phương Kết Duyên	0	0	2	0	0	1	600	700	200	3	1	500022	100043002	s01013
100043006	Đại Nhật Như Lai	1	0	2	0	2	0	400	500	50	0	1	500009	100043001	s01014
100044001	Diệu Đế Pháp Hoa	1	0	2	0	2	0	900	1300	200	0	1	500013,500020	100044001	s01004
100044002	Diệu Đế Như Lai	1	0	2	0	2	0	1000	1200	400	3	1	500002,500132	100044002	s01006
100044003	Nhất Chỉ Độ Chúng Sinh	0	0	2	0	0	3	1200	1400	800	4	1	500000,500001,500051	100044003	s02007
100045001	Đại Nhật Như Lai	1	0	2	0	1	0	1200	1300	200	0	1	500009	100045001	s01059
100045002	Tứ Phương Kết Duyên	0	0	2	0	0	1	1000	1200	300	2	1	500022,910001	100045002	s01025
100045003	Chư Pháp Giai Không	0	0	2	0	0	1	1100	1400	500	3	1	500132,500020	100045003	s01058
100046001	Đại Nhật Như Lai	1	0	2	0	1	0	1200	1300	200	0	1	500009	100046001	s01059
100046002	Tứ Phương Kết Duyên	0	0	2	0	0	1	1000	1200	300	2	1	500022,910001	100046002	s01025
100046003	Chư Pháp Giai Không	0	0	2	0	0	1	1100	1400	400	3	1	500000,500020	100046003	s01058
100047001	Kim Cương Thôi Sơn	1	0	2	0	1	0	1200	1400	200	0	1	500027	100047001	s01059
100047002	Kim Cương Bất Phôi	1	0	2	3	1	0	1300	1400	400	2	1	500008,500022	100047002	s01025
100047003	Kim Cương Như Lai	1	0	2	1	2	0	1000	1200	600	3	1	500000,500001	100047003	s01058
100048001	Vô Minh Ly Dục	1	0	2	0	1	0	900	1000	200	0	1	500009	100048001	s01003
100048002	Diệt Tắc Hành Diệt	1	0	2	0	1	0	1000	1100	400	2	1	500021,500035	100048002	s01001
100048003	Ma Ha Bồ Đề	1	0	2	0	1	0	1100	1200	600	3	1	500000,500001	100048003	s01023
100049001	Vô Minh Ly Dục	1	0	2	0	1	0	600	700	50	0	1	0	100049001	s01001
100049002	Diệt Tắc Hành Diệt	1	0	2	0	1	0	700	800	100	2	1	500022	100049002	s01002
100050001	Thì Cần Phất Thức	1	0	2	0	1	0	800	900	50	0	1	0	100050001	s01014
100050002	Mạc Nhạ Trần Ai	1	0	2	1	2	0	900	1000	100	2	1	500000	100050002	s01013
100051001	Đao Nhiên Bồ Đề	1	0	2	0	1	0	600	700	50	0	1	0	100051001	s01021
100051002	Lập Đao Thành Phật	1	0	2	1	2	0	700	800	150	2	1	500004	100051002	s01026
100052001	Đại Nhật Như Lai	1	0	2	0	1	0	800	900	100	0	1	0	100052001	s01014
100052002	Tứ Phương Kết Duyên	0	0	2	0	0	1	900	1000	200	2	1	500001	100052002	s01013
100053001	Vô Minh Ly Dục	1	0	2	0	1	0	900	1000	100	0	1	0	100053001	s01001
100053002	Diệt Tắc Hành Diệt	1	0	2	0	1	0	1000	1100	200	2	1	500000	100053002	s01007
100054001	Ngân Nguyệt Câu Hồn	1	0	2	1	3	0	600	900	100	0	1	500018,500056	100054001	s01034
100054002	Thất Bảo Thiên Lam	0	0	2	0	0	1	700	800	160	2	1	500003,500027	100054002	s01060
100054003	Nhật Nguyệt Tinh Trần	1	0	2	1	3	0	900	1300	280	3	1	500013	100054003	s01029
100055001	Yên Vụ Di Mạn	1	0	2	0	4	0	200	300	100	0	1	500007	100055001	s05009
100055002	Nhất Công Thăng Đích Nhãn Lệ	0	0	2	0	0	2	300	400	120	3	1	500008,500009	100055002	s05010
100055003	Ngã Thị Nhĩ Thân Muội Muội A	1	0	2	0	2	0	400	600	240	4	1	500002	100055003	s05008
100056004	Ngân Xà Thiên Chuyển	1	0	2	0	2	0	600	900	100	0	1	500052,500028	100056001	s01020
100056005	Bách Thú Chi Cảnh	1	0	2	1	2	0	900	1000	200	2	1	500013	100056002	s01027
100056006	Thiên Xà Cuồng Vũ	0	0	2	0	3	1	1000	1200	300	2	1	500010,500003	100056003	s03003
100056007	Ngân Xà Thiên Chuyển	1	0	2	0	2	0	500	700	100	0	1	500052	100056001	s01020
100056008	Bách Thú Chi Cảnh	1	0	2	1	2	0	700	800	200	2	1	500013	100056002	s01027
100057001	Lôi Đình Vẫn Lạc	1	0	2	0	1	0	900	1000	100	0	1	500027	100057001	s01026
100057002	Phích Lịch Tật Trảm	1	0	2	0	2	0	1000	1200	200	2	1	500004,500052	100057002	s01021
100057003	Tam Thiên Lôi Động	1	0	2	0	2	1	1200	1400	300	3	1	500001,500039	100057003	s01038
100057004	Lôi Đình Vẫn Lạc	1	0	2	0	1	0	500	600	100	0	1	500027	100057001	s01026
100057005	Phích Lịch Tật Trảm	1	0	2	0	1	0	600	700	200	2	1	500004	100057002	s01021
100057006	Lôi Đình Vẫn Lạc	1	0	2	0	1	0	300	400	100	0	1	0	100057001	s01026
100058001	Độc Long Thất Vĩ	0	0	2	0	0	2	400	600	100	0	1	500027,500006	100058001	s03003
100058002	Độc Long Truy Hồn	1	0	2	0	2	0	700	900	200	2	1	500006,500051	100058002	s03004
100058003	Vạn Độc Nhập Hóa	0	0	2	0	0	2	900	1100	300	3	1	500005,500006	100058003	s03005
100059001	Yến Tử Sao Thủy	1	0	2	0	2	0	300	600	100	0	1	500052	100059001	s01015
100059002	Nhũ Yến Quy Sào	1	0	2	0	3	0	700	1000	150	2	1	500052,500017	100059001	s01011
100059003	Mãn Thiên Hoa Vũ	1	0	2	0	2	1	600	900	250	3	1	500007,500004	100059002	s01028
100059004	Yến Tử Sao Thủy	1	0	2	0	2	0	200	400	50	0	1	500052	100059001	s01015
100059005	Nhũ Yến Quy Sào	1	0	2	0	3	0	400	700	100	2	1	500052,500017	100059001	s01011
100060001	Biến Quyền	1	0	2	0	1	0	400	600	80	0	1	500052	100060001,100060002,100060003	s01004
100060002	Phách Thạch Phá Ngọc	1	0	2	0	1	0	800	1200	200	2	1	500052,500039	100060004	s01002
100060003	Biến Quyền	1	0	2	0	1	0	100	250	50	0	1	500052	100060001	s01004
100060004	Thiết Quyền Vô Địch	0	0	2	0	0	1	1600	2000	600	4	1	500027,500047,500013	100999001	s01001
100061001	Yến Phản	1	0	2	0	1	0	800	1200	100	0	1	500132	100061001	s01033
100061002	Cư Hợp	1	0	2	3	1	0	1100	1300	300	3	1	500004,900102	100061002	s01036
100061003	Trảm Nguyệt	1	0	2	1	2	0	1000	1200	500	3	1	500013,500039	100061003	s01043
100061004	Yến Phản	1	0	2	0	1	0	700	800	100	0	1	500132	100061001	s01033
100061005	Cư Hợp	1	0	2	3	1	0	800	900	300	3	1	500004,900102	100061002	s01036
100062001	Yến Phản	1	0	2	0	1	0	800	1200	100	0	1	500132	100062001	s01033
100062002	Cư Hợp	1	0	2	3	1	0	1100	1300	300	3	1	500004,900102	100062002	s01036
100062003	Trảm Nguyệt	1	0	2	1	2	0	1000	1200	500	3	1	500013,500039	100061003	s01043
100063001	Yến Phản	1	0	2	0	1	0	700	800	100	0	1	500132	100063001	s01033
100063002	Cư Hợp	1	0	2	3	1	0	800	900	300	3	1	500004,900102	100063002	s01036
100065001	Đại Khai Đại Hạp	1	0	2	1	2	0	800	1000	200	0	1	500001,500000	100066001	s01014
100066001	Cửu Long Phàn Vân	1	0	2	1	2	1	1000	1200	200	0	1	500008,500001	100066001	s01013
100067001	Độc Long Thất Vĩ	1	0	2	1	2	0	600	700	100	0	1	0	100067001	s03003
100067002	Độc Long Truy Hồn	1	0	2	1	2	0	700	800	200	2	1	500006,500003	100067002	s03004
100067003	Vạn Độc Nhập Hóa	0	1	1	0	0	2	800	1000	300	3	1	500023,500006	100067003	s03005
100067004	Độc Long Thất Vĩ	1	0	2	1	2	0	620	650	50	0	1	0	100067001	s03003
100067005	Độc Long Truy Hồn	1	0	2	1	2	0	720	750	100	2	1	500006,500003	100067002	s03004
100067006	Vạn Độc Nhập Hóa	0	1	1	0	0	0	500	600	150	3	1	500023,500006	100067003	s03005
100068001	Độc Long Thất Vĩ	1	0	2	1	2	0	200	250	50	0	1	0	100068001	s03003
100068002	Độc Long Truy Hồn	1	0	2	1	2	0	300	350	100	2	1	500006	100068002	s03004
100069001	Độc Long Xuất Động	1	0	2	0	1	0	330	360	50	0	1	0	100069001	s03003
100069002	Kim Xà Cuồng Vũ	1	0	2	0	1	0	420	460	100	2	1	500006	100069002	s03004
100070001	Phích Lịch Đao Pháp	1	0	2	0	1	0	300	400	100	0	1	0	100070001	s01026
100070002	Phích Lịch Tật Trảm	1	0	2	0	1	0	400	600	200	2	1	500004	100070002	s01021
100070003	Phích Lịch Đao Pháp	1	0	2	0	1	0	120	180	100	0	1	0	100070001	s01038
100070004	Phích Lịch Đạn	1	0	2	0	3	1	900	1300	200	4	1	500039	100014070	s01023
100070005	Phích Lịch Đạn	1	0	2	0	3	1	300	500	200	4	1	500039	100014070	s01023
100071001	Bạch Hồng Quán Nhật	1	0	2	1	2	0	700	800	100	0	1	500013	100071001	s01020
100071002	Thiên Kiếm Quy Nhất	1	0	2	1	2	0	900	1000	300	2	1	900102,500013	100071002	s01019
100071003	Tổng Quyết Kiếm	0	0	2	0	0	1	1200	1400	500	3	1	500008,500013	100071003	s01022
100072001	Đông Phương Khoái Kiếm	1	0	2	1	2	0	900	1000	100	0	1	500052	100072001	s01020
100072002	Ám Độ Trần Thương	1	0	2	0	2	0	1000	1400	200	2	1	500017,500008	100072002	s01019
100072003	Cuồng Phong Bạo Vũ	1	0	2	2	2	0	600	1200	300	3	1	500007,500013	100072002	s01034
100072004	Đông Phương Khoái Kiếm	1	0	2	1	2	0	600	700	100	0	1	500052	100072001	s01020
100072005	Ám Độ Trần Thương	1	0	2	0	2	0	700	1000	200	2	1	500017	100072002	s01019
100072006	Đông Phương Khoái Kiếm	1	0	2	1	2	0	400	500	100	0	1	500052	100072001	s01020
100073001	Đông Phương Khoái Kiếm	1	0	2	0	1	0	200	300	100	0	1	0	100073001	s01020
100073002	Ám Độ Trần Thương	1	0	2	0	2	0	200	300	200	0	1	500017	100073002	s01019
100073003	Đông Phương Khoái Kiếm	1	0	2	0	1	0	120	180	100	0	1	0	100073001	s01020
100074001	Khí Sở Bàng Bạc	1	0	2	0	3	0	1000	1200	200	0	1	500028,500000	100074001	s01002
100074002	Đương Quán Nhật Nguyệt	1	0	2	0	1	0	1200	1400	400	3	1	500002,500001	100074002	s01006
100074003	Thương Thiên Vô Cực	1	0	2	1	2	0	1800	2000	600	4	1	600021,500042	100074003	s02010
100074004	Khí Sở Bàng Bạc	1	0	2	0	3	0	1600	1800	200	0	1	500028,500001	100074001	s01002
100074005	Đương Quán Nhật Nguyệt	1	0	2	0	1	0	1800	2000	400	2	1	500002	100074002	s01006
100074006	Thương Thiên Vô Cực	1	0	2	1	2	0	2000	2200	600	3	1	500015,600021	100074003	s02010
100075001	Khí Sở Bàng Bạc	1	0	2	0	1	0	1200	1400	100	0	1	500000	100075001	s01003
100075002	Đương Quán Nhật Nguyệt	1	0	2	0	1	0	1300	1500	200	2	1	500001,500009	100075002	s01005
100075003	Thương Thiên Vô Cực	1	0	2	1	2	0	1200	1300	300	3	1	500035,500042	100075003	s01002
100075004	Khí Sở Bàng Bạc	1	0	2	0	1	0	600	700	100	0	1	500000	100075001	s01003
100075005	Đương Quán Nhật Nguyệt	1	0	2	0	1	0	700	800	200	2	1	500001,500009	100075002	s01005
100075006	Khí Sở Bàng Bạc	1	0	2	0	1	0	350	400	100	0	1	500000	100075001	s01002
100077001	Trường Hồng Kinh Thiên	1	0	2	0	1	0	800	900	100	0	1	0	100077001	s01021
100077002	Hồng Quang Sạ Hiện	1	0	2	0	1	0	1000	1200	300	2	1	500018,500009	100077002	s01026
100077003	Hồng Thải Thất Biến	1	0	2	3	1	0	1200	1400	400	3	1	500019,500039	100077003	s01038
100078001	Trường Hồng Kinh Thiên	1	0	2	0	1	0	700	900	100	0	1	0	100078001	s01021
100078002	Hồng Quang Sạ Hiện	1	0	2	0	1	0	900	1200	200	2	1	500008,500018	100078002	s01026
100078003	Hồng Thải Thất Biến	1	0	2	0	1	0	1200	1400	300	3	1	500019,500039	100078003	s01038
100078004	Trường Hồng Kinh Thiên	1	0	2	0	1	0	500	600	100	0	1	0	100078001	s01021
100078005	Hồng Quang Sạ Hiện	1	0	2	0	1	0	600	800	200	3	1	500008,500018	100078002	s01026
100079001	Trường Hồng Kinh Thiên	1	0	2	0	1	0	300	400	40	0	1	0	100079001	s01021
100079002	Hồng Quang Sạ Hiện	1	0	2	0	1	0	400	500	60	2	1	0	100079002	s01026
100079003	Trường Hồng Kinh Thiên	1	0	2	0	1	0	200	300	40	0	1	0	100079001	s01021
100080001	Phi Tinh Trịch	1	0	2	0	3	0	700	800	100	0	1	0	100080001	s01035
100080002	Đoạt Hồn Hãm	1	0	2	0	3	0	800	900	300	3	1	500003,500006	100080002	s01033
100080003	Bạo Vũ Lê Hoa	1	0	2	0	2	1	600	800	500	5	1	500013,500004	100080003	s02001
100081001	Phi Tinh Trịch	1	0	2	0	3	0	600	700	100	0	1	0	100081001	s01015
100081002	Đoạt Hồn Hãm	1	0	2	0	3	0	700	800	200	2	1	500003,500006	100081002	s01042
100081003	Bạo Vũ Lê Hoa	1	0	2	0	2	1	800	900	400	3	1	500007,500004	100081003	s02004
100081004	Phi Tinh Trịch	1	0	2	0	3	0	220	360	80	0	1	0	100081001	s01015
100081005	Đoạt Hồn Hãm	1	0	2	0	2	0	220	360	120	3	1	500003,500006	100081002	s01042
100082001	Tấn Đao	1	0	2	0	5	0	200	300	200	0	1	500052,500014	100082001	s05009
100082002	Xuất Đao	1	0	2	0	3	0	700	900	60	0	1	500052,500013	100082002	s01042
100083001	Phi Tinh Trịch	1	0	2	0	3	0	300	400	100	0	1	0	100083001	s01015
100083002	Phi Tinh Trịch	1	0	2	0	3	0	400	500	200	0	1	0	100083002	s02004
100084001	Phi Nguyệt Lưu Quang	1	0	2	0	1	0	1200	1300	100	0	1	500004	100084001	s01021
100084002	Tuyệt Đao Hợp Chân	1	0	2	1	2	0	1350	1400	250	2	1	500003,500022	100084002	s01026
100084003	Tổng Quyết Đao	0	0	2	0	0	1	1400	1500	300	4	1	500012,500009	100084003	s01038
100085001	Âm Cực Đao	1	0	2	3	1	0	800	1000	120	0	1	500132	100085001	s01021
100085002	Dương Cực Đao	1	0	2	0	1	0	1000	1200	300	2	1	500003,500022	100085002	s01026
100085003	Âm Thác Dương Soa	0	0	2	0	1	1	1200	1400	500	4	1	500012,500008	100085003	s01038
100085004	Âm Cực Đao	1	0	2	3	1	0	500	600	100	0	1	500132	100085001	s01021
100085005	Dương Cực Đao	1	0	2	0	1	0	600	800	200	2	1	500003,500022	100085002	s01026
100085006	Âm Cực Đao	1	0	2	3	1	0	500	600	100	0	1	500132	100085001	s01021
100086001	Âm Cực Đao	1	0	2	0	1	0	300	400	50	0	1	0	100086001	s01026
100086002	Dương Cực Đao	1	0	2	0	1	0	500	600	100	0	1	500022	100086002	s01062
100088001	Thôi Thiên Hiến Ấn	1	0	2	3	1	0	1200	1400	100	0	1	500003	100088001	s01039
100088002	Tá Giáp Trùy Tâm	1	0	2	3	1	0	1400	1500	200	2	1	500008,500132	100088002	s01038
100088003	Đao Vũ Thiên Thu	1	0	2	1	2	0	1000	1200	400	4	1	500039,500004	100088003	s01033
100089001	Ly Tự Quyết	1	0	2	0	1	0	800	900	100	0	1	500003	100089001	s01033
100089002	Trận Tự Quyết	1	0	2	0	1	0	900	1000	200	2	1	500008,500001	100089002	s01036
100089003	Bát Quái Loạn Hoàn Thức	1	0	2	0	1	1	1000	1200	300	3	1	500009,500039	100089003	s01063
100089004	Ly Tự Quyết	1	0	2	0	1	0	440	500	100	0	1	500003	100089001	s01033
100089005	Trận Tự Quyết	1	0	2	0	1	0	500	570	150	2	1	500008,500001	100089002	s01036
100090001	Ly Tự Quyết	1	0	2	0	1	0	200	300	100	0	1	0	100090001	s01021
100090002	Trận Tự Quyết	1	0	2	0	1	0	200	300	200	2	1	500008	100090002	s01028
100090003	Ly Tự Quyết	1	0	2	0	1	0	120	180	100	0	1	0	100090001	s01021
100091001	Kiếm Xuất Vô Ảnh	1	0	2	0	2	0	900	1200	150	0	1	500013	100091001	s02002
100091002	Nhất Kiếm Tam Ảnh	1	0	2	3	1	0	1200	1400	300	2	1	900102,500017	100091002	s01022
100091003	Huyễn Ảnh Vô Hình	1	0	2	0	3	0	1200	1500	400	3	1	900102,500039	100091003	s01049
100092001	Hoành Không Xuất Thế	1	0	2	0	1	0	900	1200	200	0	1	500013	100092003	s02002
100092002	Tứ Diện Sở Ca	0	0	2	0	0	1	1000	1200	400	2	1	500004,500009	100092004	s01022
100092003	Phách Vương Biệt Cơ	1	0	2	1	3	0	1200	1300	500	3	1	500012,500195	100092005	s01049
100092004	Đại Tạp Quái	1	0	2	0	1	0	800	1000	100	0	1	500013	100092001	s02002
100092005	Khứ Vu Tồn Tinh	0	0	2	0	0	1	1200	1400	300	3	1	500004,500009	100092002	s01022
100092006	Đại Tạp Quái	1	0	2	0	1	0	700	1000	100	0	1	500013	100092001	s02002
100093001	Long Hổ Khiếu	1	0	2	0	2	0	1200	1300	100	0	1	0	100093001	s01020
100093002	Thái Sơn Băng	1	0	2	1	3	0	1250	1350	200	2	1	500008	100093002	s01019
100093003	Trấn Ngũ Nhạc	0	0	2	0	0	2	1400	1500	300	4	1	500004,500051,500001	100093003	s01022
100094001	Long Hổ Khiếu	1	0	2	0	2	0	800	900	100	0	1	0	100094001	s01020
100094002	Thái Sơn Băng	1	0	2	1	3	0	900	1000	150	2	1	500132	100094002	s01019
100094003	Trấn Ngũ Nhạc	0	0	2	0	0	2	1000	1200	200	4	1	500004,500051,500001	100094003	s01022
100094004	Long Hổ Khiếu	1	0	2	0	2	0	700	800	100	0	1	0	100094001	s01020
100094005	Thái Sơn Băng	1	0	2	1	3	0	800	900	150	2	1	500132	100094002	s01019
100094006	Long Hổ Khiếu	1	0	2	0	2	0	600	700	80	0	1	0	100094001	s01020
100095001	Trọng Kiếm Vô Phong	1	0	2	0	1	0	400	500	50	0	1	0	100095001	s01020
100095002	Đại Xảo Bất Công	0	1	1	0	0	0	500	600	100	2	1	500034,500036	100095002	s01019
100096001	Thần Nông Trừ Chướng	1	0	2	0	2	0	600	800	100	0	1	0	100096001	s01014
100096002	Khẩu Thí Bách Dược	0	1	1	0	0	0	800	1600	300	2	1	500037,500043	100096002	s04003
100096003	Thần Nông Tể Thế	0	1	1	0	0	3	1400	1800	400	4	1	500037,500041	100096003	s04007
100096004	Thần Nông Trừ Chướng	1	0	2	0	2	0	550	620	80	0	1	0	100096001	s01014
100096005	Khẩu Thí Bách Dược	0	1	1	0	0	0	500	800	200	3	1	500037	100096002	s04003
100097001	Thần Nông Trừ Chướng	1	0	2	0	1	0	320	440	50	0	1	0	100097001	s01014
100097002	Khẩu Thí Bách Dược	0	1	1	0	0	0	250	300	80	3	1	500037	100097002	s04002
100097003	Thần Nông Trừ Chướng	1	0	2	0	1	0	260	320	50	0	1	0	100097001	s01014
100097004	Khẩu Thí Bách Dược	0	1	1	0	0	0	150	200	80	3	1	500037	100097002	s04002
100098001	Phi Long Tại Thiên	1	0	2	0	2	0	1300	1400	200	0	1	500028,500052	100098001	s01003
100098002	Long Chiến Vu Dã	1	0	2	1	3	0	1200	1500	400	3	1	500001,500027	100098002	s02010
100098003	Kháng Long Hữu Hối	1	0	2	1	3	0	1400	1600	600	4	1	500000,500015	100098003	s01053
100098004	Phi Long Tại Thiên	1	0	2	0	2	0	800	900	100	0	1	500028,500052	100098001	s01003
100098005	Long Chiến Vu Dã	1	0	2	1	2	0	800	900	200	3	1	500001,500027	100098002	s02010
100098006	Phi Long Tại Thiên	1	0	2	0	2	0	400	500	100	0	1	500028,500052	100098001	s01003
100099001	Phi Long Tại Thiên	1	0	2	0	2	1	1600	1800	200	0	1	500052,500014	100099001	s01003
100099002	Long Chiến Vu Dã	1	0	2	1	3	0	1800	2000	400	2	1	500001,500052	100099002	s02010
100099003	Kháng Long Hữu Hối	1	0	2	1	3	0	2000	2200	600	4	1	500000,500015	100099003	s01053
100100001	Bổng Đả Cẩu Vĩ	1	0	2	1	2	0	900	1000	100	0	1	500132	100100001	s01014
100100002	Ác Khuyển Vô Nha	1	0	2	1	2	0	1000	1200	200	2	1	500008,500009	100100002	s01013
100100003	Thiên Hạ Phục Cẩu	0	0	2	0	0	1	1200	1400	400	4	1	500001,500039	100100003	s01012
100101001	Bổng Đả Cẩu Vĩ	1	0	2	1	2	0	800	900	100	0	1	0	100101001	s01014
100101002	Ác Khuyển Vô Nha	1	0	2	1	2	0	900	1000	200	2	1	500010,500009	100101002	s01013
100101003	Thiên Hạ Phục Cẩu	0	0	2	0	0	1	1000	1100	300	4	1	500001,500039	100101003	s01012
100102001	Kiến Nhân Thân Thủ	1	0	2	0	1	0	250	320	100	0	1	0	100102001	s01001
100102002	Duyên Môn Thác Bát	1	0	2	0	1	0	300	400	100	2	1	500052	100102002	s01002
100102003	Kiến Nhân Thân Thủ	1	0	2	0	1	0	180	250	100	0	1	0	100102001	s01009
100102004	Kiến Nhân Thân Thủ	1	0	2	0	1	0	350	680	150	0	1	0	100102001	s01001
100102005	Duyên Môn Thác Bát	1	0	2	0	1	0	500	850	200	2	1	0	100102002	s01002
100103001	Liên Hoa Lạc	1	0	2	0	1	0	250	320	100	0	1	0	100103001	s01014
100103002	Phạn Lai Thân Thủ	1	0	2	1	2	0	300	400	100	2	1	500008	100103002	s01013
100104001	Thiên Quỷ Độc	1	0	2	0	2	0	1000	1200	100	0	1	500006	100104001	s03004
100104002	Ách Nan Độc Khí	1	0	2	0	2	1	600	800	200	3	1	500049,500012	100104002	s03005
100105001	Ý Loạn Tình Mê	1	0	2	0	1	0	900	1100	100	0	1	500013	100105001	s02007
100105002	Mê Hồn Thuật	1	0	2	0	2	0	700	900	200	3	1	500013,500002	100105002	s01044
100106001	Bạo Quyền	1	0	2	0	1	0	1100	1200	100	0	1	500008	100106001	s01045
100106002	Giảo Sát	1	0	2	0	1	0	1200	1300	200	2	1	500009,500039	100106002	s01050
100107001	Độc Giảo	1	0	2	0	1	0	900	1000	100	0	1	0	100108001	s01008
100107002	Hoang Giảo	1	0	2	0	1	0	1000	1200	200	4	1	500008,500004	100108002	s01009
100108001	Bạo Quyền	1	0	2	3	1	0	700	800	100	0	1	0	100107001	s01007
100108002	Giảo Sát	1	0	2	0	1	0	800	1000	200	4	1	500009,500001	100107002	s01050
100109001	Sinh Tử Phán	1	0	2	1	2	0	1000	1200	100	0	1	500027	100109001	s03002
100109002	Sinh Tử Vô Thường	1	0	2	0	1	0	1200	1400	300	3	1	500008,500001	100109002	s03004
100110001	Khốc Hào Câu	1	0	2	0	3	0	1200	1400	100	0	1	500028	100110001	s03002
100110002	Diêm Vương Tác Mệnh	1	0	2	0	1	0	1300	1500	300	3	1	500009,500004	100110002	s03004
100111001	Lực Phách Hoa Sơn	1	0	2	0	1	0	300	400	50	0	1	0	100111001	s01021
100112001	Giang Hồ Đao Pháp	1	0	2	0	1	0	400	500	100	0	1	0	100112001	s01021
100112002	Giang Hồ Đao Pháp	1	0	2	0	1	0	250	400	100	0	1	0	100112001	s01021
100113001	Giang Hồ Chuy Pháp	1	0	2	0	1	0	500	600	100	0	1	0	100113001	s01018
100113002	Giang Hồ Chuy Pháp	1	0	2	0	1	0	350	500	100	0	1	0	100113001	s01018
100114001	Hoành Tảo Thiên Quân	1	0	2	1	2	0	1000	1200	100	0	1	0	100114001	s01014
100114002	Toàn Quân Phá Địch	1	0	2	2	2	0	1100	1400	200	2	1	500009	100114002	s01013
100114003	Thiên Hạ Thái Bình	0	0	2	0	0	2	1200	1300	300	4	1	500001	100101003	s01012
100115001	Quỷ Tập	1	0	2	1	3	0	2000	2200	400	0	1	500132,500004	100115001	s01031
100115002	Ti Triền	1	0	2	0	1	1	2200	2400	400	3	1	500010	100115002	s01039
100115003	Tàn Thương	0	0	2	0	0	3	2000	2200	800	5	1	500012,500039	100115003	s01052
100116001	Nha Đột	1	0	2	0	1	0	700	900	100	0	1	500003	100116001	s01021
100117001	Toàn Quân Phá Địch	1	0	2	0	1	0	300	400	100	0	1	0	100117001	s01021
100118001	Kiếm Xuất Vô Ảnh	1	0	2	0	1	0	1300	1500	200	0	1	900102	100118001	s01049
100118002	Nhất Kiếm Tam Ảnh	1	0	2	3	1	0	1300	1500	400	3	1	900102,500132	100118002	s01041
100118003	Huyễn Ảnh Vô Hình	1	0	2	0	2	0	1300	1500	600	4	1	900102,500039	100118003	s01017
100119001	Phong Hồi Lộ Chuyển	1	0	2	0	1	0	600	700	100	0	1	500020	100119001	s01020
100119002	Lưỡng Nghi Chuyển Thái Hư	1	0	2	3	1	0	700	800	200	3	1	500026,500015	100119002	s01024
100120001	Phi Nhạn Thức	1	0	2	0	1	0	500	700	100	0	1	900102	100120001	s01020
100120002	Nhất Kiếm Lạc Cửu Nhạn	1	0	2	0	1	0	700	900	200	2	1	500052,500039	100120002	s01019
100121001	Phi Nhạn Thức	1	0	2	0	1	0	300	350	50	0	1	900102	100120001	s01020
100122001	Long Bàn Hổ Cứ	1	0	2	0	1	0	700	800	100	0	1	500025	100122001	s01019
100122002	Vân Hải Phiên Đằng	1	0	2	3	1	0	900	1000	400	3	1	500004,500008	100122002	s01041
100122003	Nhật Mộ Tây Sơn	1	0	2	3	1	0	1000	1100	400	4	1	500042,500013	100122002	s01041
100123001	Long Bàn Hổ Cứ	1	0	2	0	1	0	800	900	100	0	1	500025	100123001	s01019
100123002	Vân Hải Phiên Đằng	1	0	2	3	1	0	1000	1100	400	3	1	500007,500051	100123002	s01041
100123003	Thương Tùng Thúy Bách	1	0	2	3	1	0	1100	1200	400	4	1	500042,500012	100123002	s01041
100124001	Hồng Phi Minh Minh	1	0	2	0	1	0	300	350	50	0	1	0	100124001	s01019
100125001	Ngọc Nữ Phi Chức	1	0	2	0	1	0	400	450	100	0	1	0	100125001	s01019
100125002	Vô Song Vô Đối	1	0	2	0	1	0	450	500	150	4	1	500013	100125002	s01041
100126001	Thôn Thực Thiên Địa	1	0	2	0	1	0	500	600	150	0	1	500009	100126001	s01056
100126002	Long Thôn Bạo	0	0	2	0	0	1	600	700	200	3	1	500004	100126002	s01027
100126003	Thôn Thực Thiên Địa	1	0	2	0	1	0	400	500	100	0	1	500009	100126001	s01056
100126004	Thôn Thực Thiên Địa	1	0	2	0	1	0	800	1000	250	0	1	500009	100126001	s01056
100126005	Long Thôn Bạo	0	0	2	0	0	1	1000	1200	400	3	1	500039	100126002	s01027
100127001	Ngưu Ẩm	1	0	2	1	2	0	600	700	100	0	1	0	100127001	s01050
100127002	Súy Tửu Hồ	1	0	2	3	1	0	700	800	150	2	1	500021	100127002	s02005
100127003	Ngưu Ẩm	1	0	2	1	2	0	500	600	100	0	1	0	100127001	s01050
100127004	Ngưu Ẩm	1	0	2	1	2	0	800	900	200	0	1	500013	100127001	s01050
100127005	Súy Tửu Hồ	1	0	2	3	1	0	1100	1300	400	2	1	500021,500001	100127002	s02005
100128001	Tuyệt Hộ Ưng Chỉ	1	0	2	0	1	0	500	600	50	0	1	0	100128001	s01030
100128002	Ưng Chi Dịch	1	0	2	1	2	0	600	700	100	2	1	500010	100128002	s02005
100128003	Tuyệt Hộ Ưng Chỉ	1	0	2	0	1	0	500	600	50	0	1	0	100128001	s01030
100128004	Tuyệt Hộ Ưng Chỉ	1	0	2	0	1	0	900	1000	150	0	1	0	100128001	s01030
100128005	Ưng Chi Dịch	1	0	2	1	2	0	600	700	300	2	1	500010,500013	100128002	s02005
100129001	Thiên Cửu Trịch	1	0	2	0	3	0	300	800	50	0	1	0	100129001	s02004
100129002	Quán Đậu Bát Đả	1	0	2	0	3	0	400	900	100	2	1	500027,500051	100129002	s01035
100129003	Thiên Cửu Trịch	1	0	2	0	3	0	800	900	50	0	1	0	100129001	s02004
100129004	Thiên Cửu Trịch	1	0	2	0	3	0	900	1400	150	0	1	0	100129001	s02004
100129005	Quán Đậu Bát Đả	1	0	2	0	3	0	600	1100	300	2	1	500027,500051	100129002	s01035
100130001	Thiên Quỷ Trảo	1	0	2	0	1	0	300	400	50	0	1	0	100130001	s01009
100130002	Thiên Quỷ Trảo	1	0	2	0	1	0	400	600	80	0	1	0	100130001	s01008
100130003	Thiên Quỷ Trảo	1	0	2	0	1	0	600	800	100	0	1	500004	100130001	s01008
100130004	Huyền Long Ấn	1	0	2	3	1	0	500	700	300	3	1	500010	100136001	s01001
100130005	Ách Quỷ Trùng	1	0	2	0	1	0	500	600	150	0	1	500052	100025001	s01007
100130006	Quỷ Ảnh Cước	1	0	2	0	2	0	700	900	200	2	1	500053	100025002	s01055
100133001	Ngân Nguyệt Câu Hồn	1	0	2	0	2	0	300	400	50	0	1	500004	100133001	s01060
100134001	Phách Tần Thần Công	0	0	2	0	0	3	2000	2200	200	0	1	500000,500042,500051	100134001	s02006
100134002	Thiên Vương Thác Tháp	1	0	2	1	2	1	2200	2400	400	2	1	500001,500051	100134002	s02010
100134003	Khí Sở Bàng Bạc	1	0	2	0	2	0	2400	2600	600	4	1	500028	100134003	s01002
100135001	Liêu Kiếm Thức	1	0	2	1	2	0	1000	1200	200	0	1	500013,500017	100135001	s01042
100135002	Loạn Kiếm Thức	1	0	2	0	2	0	1200	1300	400	2	1	500013,500012	100135002	s01052
100135003	Thất Kiếm Tru	1	0	2	1	2	0	1200	1400	600	4	1	500013,500039	100135003	s01063
100136001	Huyền Âm Thần Trảo	1	0	2	0	1	0	150	200	30	0	1	0	100136001	s01001
100136002	Cửu Âm Thần Trảo	1	0	2	3	1	0	1000	1200	100	0	1	500039	100136001	s01001
100139001	Tượng Điệt Thế	1	0	2	1	2	0	1000	1200	200	0	1	500028	100139001	s01025
100139002	Long Thôn Thế	0	0	2	0	0	1	1200	1400	400	3	1	500000,500008	100139002	s01027
100139003	Vô Thượng Bàn Nhược Tiêm	1	0	2	0	1	1	1400	1600	600	4	1	500012,500035	100139003	s01058
100140001	Phạm Thiên Chuy	1	0	2	0	1	0	500	700	100	0	1	0	100140001	s01018
100140002	Ma Ha Vô Lượng	1	0	2	0	1	0	800	1000	250	2	1	500001	100140002	s01044
100140003	Nộ Mục Kim Cương	1	0	2	0	1	0	1000	1500	100	0	1	500001,500008	100140001	s01018
100140004	Đương Đầu Bổng Hát	1	0	2	3	1	0	1200	1600	250	3	1	500015,500027	100140002	s01044
100141001	Giao Sát Đao	1	0	2	0	2	0	900	1100	100	0	1	0	100141001	s01018
100141002	Vụ Ẩn Dương Sa	1	0	2	0	2	0	1000	1300	200	3	1	500007	100141002	s01040
100141003	Thủy Long Lôi Hỏa Đạn	1	0	2	0	2	1	1300	1500	400	4	1	500039	100141003	s01023
100142001	Giao Sát Đao	1	0	2	0	2	0	300	350	50	0	1	0	100142001	s01029
100142002	Vụ Ẩn Dương Sa	1	0	2	0	2	0	400	450	100	3	1	500007	100142002	s01040
100143001	Cự Trác Kích	1	0	2	0	1	0	800	1000	150	0	1	500052	100143001	s01030
100143002	Kim Trảo Đoạt Tình	1	0	2	0	2	0	1000	1200	250	2	1	500007	100143002	s01030
100143003	Cự Trác Liên Kích	1	0	2	3	1	0	1400	1600	400	3	1	500009	100143003	s01030
100143004	Cự Trác Kích	1	0	2	0	1	0	800	1000	150	0	1	500052	100143001	s01030
100143005	Kim Trảo Đoạt Tình	1	0	2	0	2	0	1000	1200	250	2	1	500007	100143001	s01030
100144001	Bạt Đao Khảm Nhân	1	0	2	0	1	0	400	600	50	0	1	0	100144001	s01021
100145001	Tường Long Thiểm	1	0	2	0	3	0	800	900	200	0	1	500013,500028	100145001	s01029
100145002	Cửu Long Thiểm	1	0	2	1	2	1	1500	1600	600	4	1	500039	100145002	s01025
100224001	Lực Phách Hoa Sơn	1	0	2	0	1	0	40	50	20	0	1	0	100224001	s01021
100245001	Thiên Ngoại Phi Long	1	0	2	3	1	0	1000	1200	200	2	1	500004,500013	100245001	s01053
100245002	Phi Vân Đằng Hà	1	0	2	1	2	0	1300	1600	450	3	1	500013,500052	100245002	s01042
100245003	Hữu Phượng Lai Nghi	1	0	2	0	1	0	800	1300	150	0	1	500013	100246001	s01019
100246001	Hữu Phượng Lai Nghi	1	0	2	0	1	0	600	700	100	0	1	0	100246001	s01019
100246002	Dịch Thủy Tiêu Phong	1	0	2	1	2	0	400	800	200	3	1	500017,500013	100246001	s01021
100280001	Độc Long Xuất Động	1	0	2	0	1	0	330	360	50	0	1	0	100280001	s03003
100280002	Kim Xà Cuồng Vũ	1	0	2	0	1	0	420	460	100	2	1	500006	100280002	s03004
100284001	Tú Xuân Đao	1	0	2	0	1	0	900	1200	100	0	1	0	100284001	s01026
100296001	Kinh Hồng Nhất Miết	1	0	2	0	1	0	400	500	100	0	1	0	100296001	s01021
100297001	Loạn Thạch Băng Vân	1	0	2	0	1	0	900	1100	100	0	1	0	100297001	s01021
100297002	Kinh Đào Liệt Ngạn	1	0	2	0	1	0	1100	1400	200	2	1	500017,500051	100297002	s01026
100297003	Phá Lãng Thiên Tuyết	1	0	2	1	4	0	1000	1200	400	4	1	500039,500003	100297003	s01038
100297004	Loạn Thạch Băng Vân	1	0	2	0	1	0	600	700	100	0	1	0	100297001	s01021
100297005	Kinh Đào Liệt Ngạn	1	0	2	0	1	0	700	800	200	2	1	500017	100297002	s01026
100298001	La Hán Ngọa Thiện	1	0	2	0	1	0	1200	1300	200	0	1	500009	100298001	s01001
100298002	Kim Cương Nộ Mục	1	0	2	0	1	0	1400	1500	400	3	1	500000,500020	100298002	s01023
100298003	Thanh Long Phân Thủy	1	0	2	1	1	0	1300	1500	221	4	1	500012,910001	100298003	s01033
100299001	Thâm Trúc Thúy Ẩn	1	0	2	0	1	0	1200	1400	200	0	1	500003	100299001	s01020
100299002	U Cốc Phi Giản	1	0	2	1	2	0	1000	1200	400	3	1	500025,500042	100299002	s01019
100299003	Hạc Dực Thương Khung	1	0	2	1	4	0	1100	1400	600	5	1	500013,500014	100299003	s01022
100299004	Thâm Trúc Thúy Ẩn	1	0	2	0	2	0	700	800	90	0	1	500003	100299001	s01020
100299005	U Cốc Phi Giản	1	0	2	1	2	0	800	900	180	3	1	500025	100299002	s01019
100299006	Thâm Trúc Thúy Ẩn	1	0	2	0	1	0	600	700	70	0	1	500003	100299001	s01020
100311001	Độc Long Tham Hải	1	0	2	0	1	0	400	600	100	0	1	500006	100311001	s03002
100311002	Đoạn Hồn Thực Cốt	1	0	2	0	1	0	600	750	200	3	1	500049,500008	100311002	s03004
100311003	Hóa Công Độc Chưởng	0	0	2	0	0	1	600	900	300	5	1	500005,500001	100311003	s03005
100311004	Độc Long Tham Hải	1	0	2	0	1	0	1300	1500	100	0	1	500006	100311001	s03002
100311005	Đoạn Hồn Thực Cốt	1	0	2	0	1	0	1350	1600	200	3	1	500049,500008	100311002	s03004
100311006	Hóa Công Độc Chưởng	0	0	2	0	0	1	1500	1800	300	5	1	500005,500001	100311003	s03005
100415001	Thiên La Trảo	1	0	2	0	1	0	600	800	100	0	1	500004	100130001	s01008
100415002	Thiên La Thích	1	0	2	0	2	0	700	900	200	2	1	500053	100025002	s01055
100422001	Địa Khôi Thông U	1	0	2	2	2	0	1200	1400	200	0	1	500053,500027	100422001	s01011
100422002	Địa Sát Khu Thần	0	0	2	0	0	2	1300	1500	350	2	1	500053,500028,500000	100422002	s01043
100422003	Địa Ích Thôn Đao	1	0	2	0	3	0	1800	2300	400	4	1	500053,500039,500086	100422003	s01035
100969001	Trảo Kích	1	0	2	0	1	0	600	700	0	0	1	500018	100969001	s01034
100969002	Trảo Kích	1	0	2	0	1	0	800	1000	0	2	1	500004	100969002	s01034
100969003	Trảo Kích	1	0	2	0	1	0	1200	1400	0	4	1	500039	100969003	s01034
100969004	Trảo Kích	1	0	2	0	1	0	300	400	0	0	1	500018	100969001	s01034
100970001	Độc Long Tham Hải	1	0	2	0	1	0	500	700	0	0	1	500006	100970001	s03003
100970002	Đoạn Hồn Thực Cốt	1	0	2	0	1	0	700	900	0	2	1	500006,500008	100970002	s03003
100970003	Kịch Độc Hóa Công	1	0	2	0	1	0	900	1200	0	4	1	500006,500005,500001	100970003	s03003
100970004	Độc Long Tham Hải	1	0	2	0	1	0	350	500	0	0	1	500006	100970001	s03003
100970005	Đoạn Hồn Thực Cốt	1	0	2	0	1	0	600	700	0	2	1	500006,500008	100970002	s03003
100988001	Dương Phụng Âm Vi	1	0	2	1	2	0	1000	1200	100	0	1	500132	100988001	s01029
100988002	Âm Thảm Dương Thư	1	0	2	1	2	0	1200	1400	400	2	1	500008,500022	100988002	s01063
100988003	Âm Dương Giao Thác	1	0	2	1	3	0	1200	1400	400	3	1	500015	100988003	s02008
100990001	Tung Dương Tam Điệt	1	0	2	1	1	0	700	800	100	0	1	0	100990001	0
100990001	Nhật Nguyệt Thiên Ma	1	0	2	1	2	0	800	900	100	0	1	0	100990001	0
100990002	Đại Âm Dương Thủ	1	0	2	1	1	0	800	900	300	3	1	500023	100990002	0
100990002	Hấp Tinh Thôn Thực	0	0	2	0	0	1	800	900	500	3	1	500024	100990002	0
100990003	Hàn Băng Miên Chưởng	1	0	2	1	3	0	700	800	300	3	1	500000	100990003	0
100990003	Tinh Nhược Tà Động	1	0	2	3	1	0	900	1000	300	3	1	500009	100990003	0
100991001	Thiết Chưởng	1	0	2	0	1	0	600	700	100	0	1	0	100991001	0
100991002	Tồi Cân Đoạn Cốt	1	0	2	0	1	0	700	900	300	3	1	500013	100991002	0
100991003	Vô Kiên Bất Tồi	0	1	1	0	0	0	0	0	300	3	1	0	100991003	0
100992001	Địch Thanh Hàng Long	1	0	2	0	1	0	500	600	100	0	1	0	100992001	0
100992002	Hóa Cốt Tam Tuyệt Sát	1	0	2	0	1	0	600	700	250	3	1	500006	100992002	0
100993001	Thất Giả Giai Thương	1	0	2	0	1	0	350	450	100	0	1	500008	100993001	0
100993002	Hồn Phi Phách Tán	1	0	2	0	1	0	500	600	250	2	1	500013	100993002	0
100994001	Viên Chuyển Thái Hư	1	0	2	0	1	0	300	400	100	0	1	0	100994001	0
100994002	Tự Hữu Nhược Vô	1	0	2	0	1	0	300	400	300	2	1	500010	100994002	0
100995001	Quần Tà Ích Dịch	1	0	2	0	3	0	550	620	100	0	1	0	100995001	0
100995002	Tử Khí Đông Lai	1	0	2	0	3	0	550	620	350	2	1	500007	100995002	0
100995003	Lưu Tinh Phi Trụy	1	0	2	1	3	0	460	520	400	3	1	500007	100995003	0
100996001	Di Hoa Tiếp Ngọc	1	0	2	0	3	0	400	500	100	0	1	0	100996001	0
100996002	Tinh Di Đấu Chuyển	0	0	2	0	0	1	400	500	350	2	1	500016	100996002	0
100996003	Tham Hợp Chỉ	1	0	2	1	3	0	400	500	300	3	1	500001	100996003	0
100997001	Linh Xà Tương Sát	1	0	2	0	1	0	620	680	200	0	1	0	100997001	0
100997002	Thần Đà Tuyết Sát	1	0	2	3	1	0	620	680	400	3	1	500006	100997002	0
100997003	Nghịch Vận Cửu Âm	0	0	2	0	0	1	620	680	600	4	1	500005	100997003	0
100998001	Tượng Điệt Thế	1	0	2	1	2	0	660	720	200	0	1	0	100998001	0
100998002	Long Thôn Thế	0	0	2	0	0	1	660	720	600	4	1	0	100998002	0
100998003	Vô Thượng Bàn Nhược Tiêm	1	0	2	0	2	0	940	1180	400	3	1	500009	100998003	0
100999001	Phách Thạch Phá Ngọc	1	0	2	3	1	0	1500	2000	100	0	1	0	100999001	s00076
100999002	Thiết Quyền Vô Địch	0	0	2	0	0	1	3500	4000	250	2	1	0	100999002	s00077
360032001	Hầu Tam Trảo Đào Thức	1	0	2	3	1	0	500	600	150	0	1	500052,500004	360032001	s00083
360032002	Hầu Tam Xả Đào Thức	1	0	2	1	2	0	1000	1300	300	2	1	500053,500027	360032004	s00082
360032003	Hầu Tam Phá Đào Thức	1	0	2	0	1	0	1200	1400	600	3	1	500001,500039,500057	360032005	s00084
360068001	Diêm La Trảm	1	0	2	0	1	0	400	500	100	0	1	0	100406001	s03003
360068002	Thiên Niên Sát	1	0	2	0	2	0	500	700	200	2	1	0	100059001	s03001
360068003	Bàn Nhược Luân Hồi Đạo	1	0	2	0	2	1	700	800	300	4	1	0	100059002	s03005
360077001	Hồ Tộc Đao Pháp	1	0	2	0	1	0	500	600	100	0	1	0	360077001	s03004
360078001	Hán Tộc Thương Pháp	1	0	2	0	2	0	400	500	100	0	1	0	360078001	s03004
360085001	Địa Bĩ Đao Pháp	1	0	2	0	1	0	300	600	100	0	1	0	360085001	s03004
360086001	Địa Bĩ Quyền Pháp	1	0	2	0	1	0	250	400	100	0	1	0	360086001	s03004
360087001	Địa Bĩ Bổng Pháp	1	0	2	0	1	0	300	600	100	0	1	0	360087001	s03004
360088001	Địa Bĩ Bổng Pháp	1	0	2	0	1	0	400	750	100	0	1	0	360088001	s03004
360112001	Tú Xuân Nhất Đao	1	0	2	0	1	0	700	900	100	0	1	500021	100116001	s01021
360112002	Tú Xuân Nhị Đao	1	0	2	0	1	0	900	1100	200	2	1	500021	100116001	s01026
360113001	Tú Xuân Nhất Đao	1	0	2	0	1	0	700	900	100	0	1	500021	100284001	s01021
360113002	Tú Xuân Nhị Đao	1	0	2	0	1	0	900	1100	200	2	1	500021	100284001	s01026
505021001	Hống Lý Hệ	1	0	2	0	1	0	800	1000	150	0	1	500001	360087001	s01018
505021002	Phấn Toái Nhất Kích	1	0	2	0	1	0	1100	1300	300	2	1	500013	360088001	s02003
900000001	Thạch Hôi Phấn	1	0	0	3	1	0	0	0	1	0	1	900001,400003	0	s01037
900000002	Hương Hôi	1	0	0	3	1	0	0	0	1	0	1	900002,400003	0	s01037
900000003	Lão Khiếu Hóa Nê Hoàn Tử	1	0	0	0	1	0	0	0	1	0	1	900092,400003	0	s01037
900000004	Phích Lịch Lôi Hỏa Đạn	1	0	2	0	3	1	200	500	1	0	1	900004,400003,500013	100014071	s01037
900000005	Thanh Long Tán	0	1	1	0	0	0	0	0	1	0	1	500064	0	s01037
900000006	Độc Diễm Thất Sát Tán	0	0	2	0	0	2	200	500	1	0	1	500049,400003	100058003	s01037
900000007	Sinh Mạch Đan	0	1	1	0	0	0	0	0	1	0	1	500158	0	s01037
900000008	Thừa Khí Ẩm	0	1	1	0	0	0	0	0	1	0	1	500159	0	s01037
900000009	Hộ Thủ Dược Cao	0	1	1	0	0	0	0	0	1	0	1	500211	0	s01037
910003001	Giảo Giảo	1	0	2	0	1	0	1200	1400	100	0	1	500018	910003001	s01027
910004001	Mãnh Phác	1	0	2	0	1	0	800	900	200	0	1	500009,500001	910004001	s01027
910004002	Tê Liệt	1	0	2	0	1	0	900	1000	400	2	1	500023,500009	910004002	s01027
910004003	Đột Giảo	1	0	2	3	1	0	1000	1300	300	0	1	500009	910004001	s01027
910004004	Đại Khoái Đóa Di	1	0	2	3	1	0	1300	1600	600	2	1	500209	910004002	s01027
910004005	Biến Ngạnh	0	1	1	0	0	0	1000	1000	100	4	1	500020	910004001	s05007
910005001	Tê Giảo	1	0	2	0	1	0	500	600	200	0	1	500052	910005001	s01027
910005002	Khẳng Phệ	1	0	2	0	1	0	600	700	300	1	1	500023,500017	910005001	s01027
910006001	Tê Giảo	1	0	2	0	1	0	600	700	150	0	1	500052,500003,500132	910006001	s01027
910007001	Tê Giảo	1	0	2	0	1	0	900	1100	200	0	1	500052,500004	910007001	s01027
910007002	Khẳng Phệ	1	0	2	0	1	0	1100	1300	300	1	1	500008	910007001	s01027
910008001	Tê Giảo	1	0	2	0	1	0	700	900	150	0	1	500052,500003	910008001	s01027
910009001	Tê Giảo	1	0	2	0	1	0	500	600	200	0	1	500052	910009001	s01027
910009002	Khẳng Phệ	1	0	2	0	1	0	600	700	300	1	1	500023,500017	910009001	s01027
910010001	Tê Giảo	1	0	2	0	1	0	600	700	150	0	1	500052,500003	910010001	s01027
910011001	Kê Dược Cửu Thiên	1	0	2	0	1	0	40	50	20	0	1	500052	910011001	s02005
910012001	Oai Chủy Kê Cật Hảo Mễ	1	0	2	0	1	0	30	40	10	0	1	500004	910012001	s01029
910012002	Phượng Trảo Thất Liên Sát	1	0	2	0	1	0	40	50	20	1	1	500008	910012002	s00092
910012003	Lư Sơn Thăng Kê Phách	0	0	2	0	0	1	50	60	30	2	1	500027	910012003	s01053
910012004	Oai Chủy Kê Cật Hảo Mễ	1	0	2	0	1	0	500	600	100	0	1	500052,500004	910012001	s01029
910012005	Phượng Trảo Thất Liên Sát	1	0	2	3	1	0	700	900	200	1	1	500052,500008	910012002	s00092
910012006	Lư Sơn Thăng Kê Phách	0	0	2	0	0	1	1000	1200	300	2	1	500052,500027	910012003	s01053
990023001	Lạc Diệp Phiêu Vũ	1	0	2	0	2	0	1100	1300	100	0	1	500003,500014	990023001	s01019
990023002	Ngạo Nhật Cuồng Phong	1	0	2	1	3	0	1200	1400	200	3	1	500008,500132	990023002	s01020
990023003	Phiêu Miểu Mị Ảnh	1	0	2	0	3	0	700	800	300	4	1	500002,500028	990023003	s02005
990024001	Lạc Tuyết Phi Thạch	1	0	2	0	2	0	600	900	100	0	1	500052,500132	990024001	s01028
990024002	Mạn Thiên Tuyết Vũ	1	0	2	0	2	1	1100	1200	200	3	1	500051,500010	990024002	s00095
990024003	Vạn Tượng Sâm La	0	1	1	0	0	0	800	1600	300	4	1	500018,500020	990024003	s05009
990025001	Nhất Chỉ Xuyên Tâm	1	0	2	0	1	0	900	1200	100	0	1	500013,500132	990025001	s01006
990025002	Ý Loạn Tình Mê	1	0	2	0	1	0	800	1000	250	3	1	500002,500005	990025002	s00092
990025003	Tiên Hầu Vãn Đào	1	0	2	0	1	0	1400	1600	400	4	1	500001,500039,500057	100014189	s00083
990026001	Phá Hư Không	1	0	2	1	3	0	1100	1350	150	0	1	500052,500008	990026001	s01038
990026002	Trảm Vô Giới	1	0	2	1	3	0	1400	1500	250	2	1	500052,500039	990026002	s01063
990026003	Thiên Địa Kiếp	0	0	2	0	0	2	600	800	300	4	1	500007,500132,500010	990026003	s05008
990027001	Vạn Hồn Quy U	1	0	2	0	1	0	1200	1300	150	0	1	500052,500023	990027001	s03003
990027002	Diêm La Liệt Phách	1	0	2	0	1	1	1200	1400	300	2	1	500013,500049	990027002	s03005
990027003	Hỗn Độn Tru Thiên	1	0	2	0	2	0	1600	1800	400	3	1	500013,500039	990027003	s03002
990028001	Vạn Thiên Nhật Nguyệt	1	0	2	0	2	0	900	1100	150	0	1	500052,500027	990028001	s01039
990028002	Tàn Thiên Thực Nhật	1	0	2	2	3	0	1200	1300	250	3	1	500001,500051	990028002	s02010
990028003	Tàn Nhật Như Lai	1	0	2	2	3	0	1400	1500	350	4	1	500000,500027	990028003	s01045
990029001	Cầu Bại Nhất Thức	1	0	2	0	1	0	1000	1200	100	0	1	0	990029001	s01052
990029002	Cầu Bại Nhị Thức	1	0	2	0	1	0	1200	1400	200	2	1	0	990029001	s01052
990029003	Vũ Cuồng Linh Thức	1	0	2	3	1	0	900	1200	300	3	1	0	100078003	s01051
990030001	Lôi Đình Vẫn Lạc	1	0	2	0	1	0	700	900	100	0	1	500027	990030001	s01026
990030002	Phích Lịch Tật Trảm	1	0	2	0	2	0	900	1100	300	2	1	500004,500035	990030002	s01038
990030003	Tam Thiên Lôi Động	1	0	2	0	3	0	1200	1300	400	3	1	500001,500039	990030003	s01021
990035001	Kim Cương Chuy	1	0	2	3	1	0	800	900	100	0	1	500001	990035001	s01057
990035002	Hỏa Thần Pháo	1	0	2	0	10	1	1800	2600	200	2	1	500109	990035002	s01023
990037001	Phản Qua Nhất Kích	1	0	2	1	2	0	800	1000	100	0	1	0	360078001	s00106
990037002	Hoành Tảo Thiên Quân	0	0	2	0	0	1	700	900	200	2	1	500027	100014059	s01012
990038001	Tiên Trảm Hậu Tấu	1	0	2	0	1	0	900	1100	100	0	1	0	990038001	s01038
990038002	Đao Hạ Vô Tình	1	0	2	3	1	0	1100	1200	200	2	1	500004	360085001	s01021
990039001	Chân ‧ Nhất Dương Chỉ	1	0	2	0	5	0	1200	1300	150	0	1	500008	990039001	s00096
990039002	Hàng Long Thần Chưởng	1	0	2	2	3	0	1100	1500	250	2	1	500000,500132	990039002	s02006
990039003	Phật Quang Phổ Chiếu	1	0	2	3	2	0	1300	1400	300	3	1	500001,500007	990039003	s00092
100121002	Phật Quang Sơ Hiện	1	0	2	0	1	0	700	800	200	0	1	0	100047001	s01059
100121003	Phật Động Sơn Hà	1	0	2	3	1	0	800	1000	400	3	1	500008	100047002	s01025
100121004	Thiên Phật Hàng Thế	1	0	2	1	2	0	900	1200	600	5	1	500000	100047003	s01058
100247001	Công Kỳ Bất Bị	0	0	2	0	0	30	0	0	100	2	1	900093	990025001	s01006
100247002	Thâm Câu Cao Lũy	0	1	1	0	0	30	0	0	100	2	1	900094	100017003	s04007
100247003	Dĩ Dật Đãi Lao	0	1	1	0	0	30	1000	1000	100	3	1	900095	100028002	s04001
990040001	Giang Thượng Lộng Địch	1	0	2	3	1	0	1100	1300	400	0	1	500052,500024	100014199	s01049
990040002	Phi Yến Xuyên Liễu	1	0	2	0	1	0	1200	1400	900	1	1	900110,500017	100014200	s00110
990040003	Tảo Đãng Quần Ma	0	0	2	0	0	1	1300	1600	1500	1	1	900110,500014	100014201	s00113
990106001	Vô Ưu Vô Lự	0	0	2	0	0	2	900	1050	300	0	1	900016,500013	100014138	s01059
990106002	Bồ Đề Thanh Tâm	0	1	1	0	0	2	800	1200	600	2	1	900018	100014139	s04002
990106003	Ngạo Tiếu Hồng Trần	0	0	2	0	0	3	800	1000	600	4	1	900019,500013	100014140	s02009
990107001	Tinh Vũ Mạn Thiên	1	0	2	0	3	1	800	850	150	0	1	900026	100014067	s01042
990107002	Tinh Hỏa Liệu Nguyên	1	0	2	0	3	1	800	850	300	2	1	500007,500017	100014068	s01043
990107003	Phi Tinh Đái Nguyệt	0	0	2	0	0	3	800	850	450	4	1	500004,500051	100014069	s01028
990108001	Hấp Phong Ẩm Lộ	1	0	2	0	2	0	840	990	250	0	1	900010	100014162	s00094
990108002	Ngự Phong Nhi Hành	1	0	2	3	1	0	840	990	250	0	1	500007,500014	100014163	s00093
990108003	Xuân Phong Phất Diện	1	1	1	1	2	0	600	900	500	0	1	500058,900011	100014166	s04008
990109001	Hàn Tùng Sương Trúc Kim Thác Đao	1	0	2	0	1	0	800	900	225	0	1	500052,500132	100014181	s00102
990109002	Mai Hoa Cù Dục Tuyên Hòa Bút	1	0	2	3	1	0	800	900	450	2	1	500007,500025	100014182	s00104
990109003	Ma Cật Thi Họa Kiến Họa Thi	0	0	2	0	0	1	600	1050	600	3	1	500012,500042,500002	100014183	s01016
990110001	Tam Chiết Quăng	1	1	1	0	4	0	900	1200	250	0	1	900098,500041	100028001	s04004
990110002	Bách Bệnh Thân	1	0	2	2	3	0	50	50	500	2	1	900096	100014025	s01047
990110003	Thiên Kim Phương	1	1	1	2	3	0	800	1000	500	4	1	900097,500043	100014025	s04006
990111001	Lôi Hỏa Hôi Tẫn	1	0	2	0	3	1	600	800	350	0	1	500009,500007	100014070	s01023
990111002	Đoạt Hồn Hãm	1	0	2	0	3	0	700	800	300	2	1	500003,500006	100081002	s01042
990111003	Phích Lịch Cửu Thiên	0	0	2	0	0	2	1000	1200	450	4	1	500008,500039	100014071	s02009
990112001	Hầu Tam Trảo Đào Thức	1	0	2	3	1	0	750	900	150	0	1	500052,500004	100014187	s00083
990112002	Hầu Tam Xả Đào Thức	1	0	2	1	2	0	800	950	300	2	1	500053,500027	100014188	s00082
990112003	Hầu Tam Phá Đào Thức	1	0	2	0	1	0	850	950	400	3	1	500001,500039,500057	100014189	s00084
990113001	Túy Tửu Bát Tí Liên Hoàn Thích	0	0	2	0	0	1	600	800	250	0	1	500001,500195	100014010	s01011
990113002	Túy Tửu Đề Hồ Lực Thiên Quân	1	0	2	0	2	0	1000	1200	300	2	1	500015,500195	100014011	s01007
990113003	Đạn Yêu Hiến Tửu Túy Đương Bộ	1	0	2	0	2	0	1000	1200	400	3	1	500053,500017,500195	100014012	s01010
990114001	Tinh Vũ Mạn Thiên	1	0	2	0	3	1	800	1000	150	0	1	900026	100014067	s01042
990114002	Thiên Kim Phương	1	1	1	2	3	0	800	1000	500	2	1	900097,500043	100014025	s04006
990114003	Phích Lịch Cửu Thiên	0	0	2	0	0	2	1000	1200	450	3	1	500008,500039	100014071	s02009
990115001	Dương Xuân Bạch Tuyết	1	0	2	0	2	1	1200	1500	200	0	1	500000,500042,500020	100014007	s01003
990115002	Dương Quan Tam Điệt	1	0	2	3	2	0	1200	1500	300	2	1	500001,500052,500018	100014008	s01005
990115003	Dương Ca Thiên Quân	0	0	2	0	0	3	900	1200	400	3	1	500009,500013,500024	100017003	s02003
100017004	Dương Quan Tam Điệt	1	0	2	0	2	0	1400	1500	200	0	1	500000,500005	100017001	s02008
100017005	Dương Xuân Bạch Tuyết	1	0	2	0	2	0	1600	1800	400	2	1	500020,500001	100017002	s02007
100017006	Dương Ca Thiên Quân	0	0	2	0	0	3	1200	1400	800	3	1	500009,500013	100017003	s02003
900000007	Trượng Nhân Đan	0	1	1	0	0	0	0	0	1	0	1	910052	0	s01037
800422001	Địa Khôi Thông U	1	0	2	2	2	0	0	50	400	0	1	800000	100422001	s01011
800422002	Địa Sát Khu Thần	0	0	2	0	0	2	50	100	600	0	1	800000	100422002	s01043
800422003	Địa Ích Thôn Đao	1	0	2	0	3	0	100	150	800	0	1	800000	100422003	s01035
890028001	Kiến Long Tại Điền	1	0	2	0	2	0	0	50	400	0	1	800000	990028001	s01039
890028002	Hồng Tiệm Vụ Lục	1	0	2	2	3	0	50	100	600	0	1	800000	990028002	s02010
890028003	Tiềm Long Vật Dụng	1	0	2	2	3	0	100	150	800	0	1	800000	990028003	s01045
800004001	Lợi Thiệp Đại Xuyên	0	0	2	0	1	1	0	50	400	0	1	800000	100005003	s02003
800004002	Đột Như Kỳ Lai	1	0	2	0	2	1	50	100	600	0	1	800000	100005002	s01007
800004003	Chấn Kinh Bách Lý	0	0	2	0	0	3	100	150	800	0	1	800000	100005001	s02006
800099001	Phi Long Tại Thiên	1	0	2	0	2	1	0	50	400	0	1	800000	100099001	s01003
800099002	Long Chiến Vu Dã	1	0	2	1	3	0	50	100	600	0	1	800000	100099002	s02010
800099003	Kháng Long Hữu Hối	1	0	2	1	3	0	100	150	800	0	1	800000	100099003	s01053
800002001	Hoặc Dược Vu Uyên	1	0	2	0	2	1	0	50	400	0	1	800000	100002001	s01007
800002002	Song Long Thủ Thuỷ	1	0	2	0	2	1	50	100	600	0	1	800000	100002002	s02009
800002003	Ngư Dược Vu Uyên	1	0	2	1	3	0	100	150	800	0	1	800000	100002003	s02010
800014216	Thời Thừa Lục Long	1	0	2	0	2	0	0	50	400	0	1	800000	100014216	s00096
800115002	Mặc Vân Bất Vũ	1	0	2	0	1	1	50	100	600	0	1	800000	100115002	s01039
800115003	Thần Long Bãi Vĩ	0	0	2	0	0	3	100	150	800	0	1	800000	100115003	s01052
800014016	Tôn Tắc Hữu Phu	1	0	2	3	1	0	0	50	400	0	1	800000	100014016	s01032
800074006	Lữ Sương Băng Chí	1	0	2	1	2	0	50	100	600	0	1	800000	100074003	s02010
800014152	Đê Dương Xúc Phiên	0	0	2	0	0	1	100	150	800	0	1	800000	100999001	s01001
800034001	Tổng Quát Thức	1	0	2	0	1	1	0	50	400	0	1	800000	100034001	s02002
800034002	Phá Kiếm Thức	0	0	2	0	0	2	50	100	600	0	1	800000	100034002	s01041
800034003	Phá Đao Thức	1	0	2	1	3	0	100	150	800	0	1	800000	100034003	s01063
800014032	Phá Thương Thức	1	0	2	1	4	0	0	50	400	0	1	800000	100014032	s01042
800014033	Phá Tiên Thức	0	0	2	0	0	2	50	100	600	0	1	800000	100014033	s01035
890024002	Phá Sách Thức	1	0	2	0	2	1	100	150	800	0	1	800000	990024002	s00095
800118003	Phá Chưởng Thức	1	0	2	0	2	0	0	50	400	0	1	800000	100118003	s01017
800299003	Phá Tiễn Thức	1	0	2	1	4	0	50	100	600	0	1	800000	100299003	s01022
800093003	Phá Khí Thức	0	0	2	0	0	2	100	150	800	0	1	800000	100093003	s01022